date	latitude	longitude	blh	co_ugm3	no2_ugm3	so2_ugm3	PM25
20240101	-8.0	115.25	292.281	2844.607758	4.458873	3.102906	25.3
20240101	-8.0	116.0	415.208	2011.330947	2.940078	1.75004	28.35
20240101	-8.75	115.25	274.525	3012.398871	4.946879	3.348002	20.93
20240101	-8.75	116.0	314.229	2648.386686	4.58747	3.268094	25.28
20240102	-8.0	115.25	297.372	2666.6781	4.04183	3.118269	30.89
20240102	-8.0	116.0	443.195	1784.891752	2.521768	1.586254	30.15
20240102	-8.75	115.25	241.439	3374.297442	5.416275	3.87089	27.15
20240102	-8.75	116.0	382.887	2188.126784	3.618203	2.731942	30.93
20240103	-8.0	115.25	275.645	2505.14321	4.018934	2.2188	22.53
20240103	-8.0	116.0	404.174	1706.75996	2.561983	1.213252	19.85
20240103	-8.75	115.25	274.46	2702.759965	4.88058	3.704726	36.21
20240103	-8.75	116.0	387.528	1926.965535	3.453394	2.303217	32.46
20240104	-8.0	115.25	281.664	2572.430982	4.392539	4.22257	8.75
20240104	-8.0	116.0	350.792	2090.44676	3.149433	2.5055	12.0
20240104	-8.75	115.25	316.748	2420.1624	4.625813	4.126968	17.09
20240104	-8.75	116.0	407.797	1945.338489	3.476337	3.129231	24.53
20240105	-8.0	115.25	266.618	3056.410295	5.31056	4.296874	17.13
20240105	-8.0	116.0	353.227	2290.435046	3.357662	2.301539	16.0
20240105	-8.75	115.25	273.815	3118.492778	4.778434	3.797082	18.47
20240105	-8.75	116.0	375.703	2277.775796	3.694647	2.776414	20.92
20240106	-8.0	115.25	234.309	3338.166694	5.739054	3.730974	27.4
20240106	-8.0	116.0	372.726	2097.299625	3.103422	1.593074	25.05
20240106	-8.75	115.25	309.921	2542.933199	4.07115	2.44765	21.22
20240106	-8.75	116.0	364.455	2182.731201	3.790734	2.154763	23.57
20240107	-8.0	115.25	303.845	2625.843769	4.553266	2.970029	21.14
20240107	-8.0	116.0	423.265	1851.292689	2.967394	1.579518	20.38
20240107	-8.75	115.25	274.325	2863.767065	5.022685	3.425175	14.81
20240107	-8.75	116.0	317.64	2498.425261	5.364148	3.075553	17.28
20240108	-8.0	115.25	317.322	2262.411998	4.926192	6.380856	18.0
20240108	-8.0	116.0	439.064	1623.525272	3.468954	2.630575	15.56
20240108	-8.75	115.25	290.384	2407.884043	5.070458	4.02505	21.39
20240108	-8.75	116.0	360.129	1977.046003	5.093461	3.727039	21.59
20240109	-8.0	115.25	278.429	2756.324952	5.143027	8.475647	22.17
20240109	-8.0	116.0	455.83	1699.3559	2.946965	3.06412	18.66
20240109	-8.75	115.25	374.52	2032.222845	3.328495	2.858627	19.69
20240109	-8.75	116.0	414.231	1900.096323	3.577045	3.36498	25.12
20240110	-8.0	115.25	375.628	2151.939419	4.393253	5.617132	17.93
20240110	-8.0	116.0	447.289	1785.017293	3.05331	3.072445	14.33
20240110	-8.75	115.25	450.154	1725.094523	3.000513	2.732794	15.56
20240110	-8.75	116.0	496.753	1584.859679	3.177014	3.142473	18.54
20240111	-8.0	115.25	346.232	2205.63004	4.724243	5.783356	11.88
20240111	-8.0	116.0	435.003	1738.290311	3.17936	3.01774	11.2
20240111	-8.75	115.25	694.784	1016.902088	1.660965	1.082651	8.83
20240111	-8.75	116.0	693.698	1024.519892	1.830429	1.272117	10.07
20240112	-8.0	115.25	335.548	2249.209949	5.084751	7.832873	19.85
20240112	-8.0	116.0	516.933	1437.043485	2.914105	2.488011	15.01
20240112	-8.75	115.25	793.495	857.452788	1.53455	0.983621	10.43
20240112	-8.75	116.0	760.696	896.463107	1.716284	1.15076	10.95
20240113	-8.0	115.25	335.802	1945.564648	4.153882	4.560973	9.68
20240113	-8.0	116.0	500.219	1299.580984	2.625778	2.115665	8.04
20240113	-8.75	115.25	817.86	756.196782	1.299557	0.927431	7.86
20240113	-8.75	116.0	735.456	848.385084	1.518949	1.171959	8.33
20240114	-8.0	115.25	337.693	2119.272535	4.050007	5.587371	13.79
20240114	-8.0	116.0	500.891	1390.804786	2.455015	2.748933	11.68
20240114	-8.75	115.25	696.63	950.162066	1.52199	1.47916	9.19
20240114	-8.75	116.0	657.125	1007.067301	1.693402	1.617079	10.23
20240115	-8.0	115.25	353.179	2253.911473	4.146852	7.776612	25.68
20240115	-8.0	116.0	499.536	1544.905272	2.505373	3.631622	21.54
20240115	-8.75	115.25	632.713	1113.638411	1.785389	2.186236	13.3
20240115	-8.75	116.0	573.882	1211.84808	2.182562	2.479327	15.0
20240116	-8.0	115.25	305.002	2654.659314	4.64435	8.38026	18.57
20240116	-8.0	116.0	435.692	1834.013477	2.89508	3.711083	14.63
20240116	-8.75	115.25	455.647	1560.060749	2.426183	2.314068	7.82
20240116	-8.75	116.0	442.822	1610.76279	2.797006	2.630886	9.01
20240117	-8.0	115.25	328.274	2483.681924	4.168844	6.958306	18.59
20240117	-8.0	116.0	462.672	1725.266279	2.484235	3.160332	17.16
20240117	-8.75	115.25	339.742	2181.527453	3.643998	3.923206	14.9
20240117	-8.75	116.0	379.086	1939.680442	3.494592	3.923962	17.44
20240118	-8.0	115.25	301.71	2450.400053	5.877923	11.348003	20.56
20240118	-8.0	116.0	360.762	2078.586436	4.055247	4.110946	14.33
20240118	-8.75	115.25	436.694	1491.914934	2.744654	2.361134	9.85
20240118	-8.75	116.0	432.965	1600.506507	3.550128	2.919407	13.72
20240119	-8.0	115.25	386.939	1793.78119	3.609807	8.072645	14.47
20240119	-8.0	116.0	407.29	1698.074836	2.945459	3.894552	10.19
20240119	-8.75	115.25	620.894	1038.964783	1.535826	1.699714	6.8
20240119	-8.75	116.0	549.743	1186.218287	1.93601	1.932547	7.33
20240120	-8.0	115.25	503.212	1294.024785	2.80886	6.665219	19.06
20240120	-8.0	116.0	449.042	1451.945252	2.621265	4.33675	17.73
20240120	-8.75	115.25	785.227	775.741155	1.196473	0.813353	10.78
20240120	-8.75	116.0	737.735	835.845663	1.383586	0.978035	11.39
20240121	-8.0	115.25	389.018	1827.155556	4.318201	13.30287	25.17
20240121	-8.0	116.0	422.586	1680.777404	3.336616	8.279548	19.77
20240121	-8.75	115.25	784.539	813.961065	1.44217	1.752993	12.81
20240121	-8.75	116.0	655.279	987.516157	1.966459	2.510457	14.56
20240122	-8.0	115.25	344.967	2224.997464	4.391748	15.096586	27.47
20240122	-8.0	116.0	483.301	1589.046578	2.684275	7.571795	21.95
20240122	-8.75	115.25	823.66	839.028725	1.31937	2.621006	16.33
20240122	-8.75	116.0	606.881	1153.314076	2.091019	4.526317	20.05
20240123	-8.0	115.25	367.602	1976.877982	5.211645	14.571586	27.8
20240123	-8.0	116.0	480.219	1508.307043	3.329491	6.201198	21.68
20240123	-8.75	115.25	875.516	766.567715	1.392476	1.827095	15.85
20240123	-8.75	116.0	767.328	870.186674	1.798352	2.158082	17.27
20240124	-8.0	115.25	445.141	1755.113773	4.671149	12.659953	29.03
20240124	-8.0	116.0	579.787	1333.027129	2.860471	6.226906	22.57
20240124	-8.75	115.25	643.813	1125.967944	2.24237	3.615377	18.45
20240124	-8.75	116.0	477.42	1531.679653	3.46794	5.400561	21.29
20240125	-8.0	115.25	423.797	1859.74181	6.679946	12.379587	23.74
20240125	-8.0	116.0	549.643	1423.087531	4.426182	7.073999	20.91
20240125	-8.75	115.25	584.628	1236.062419	3.573927	4.269282	15.69
20240125	-8.75	116.0	485.529	1504.361634	4.723485	5.611597	18.89
20240126	-8.0	115.25	427.709	1882.363242	3.88494	7.659701	27.74
20240126	-8.0	116.0	567.381	1393.869199	2.443339	3.66465	21.95
20240126	-8.75	115.25	396.238	1960.513126	4.16906	5.315288	21.35
20240126	-8.75	116.0	341.147	2355.073619	5.208986	6.949558	27.88
20240127	-8.0	115.25	381.984	2093.753665	5.025417	7.11006	10.14
20240127	-8.0	116.0	526.312	1491.201987	2.77277	3.002863	7.37
20240127	-8.75	115.25	306.814	2601.269825	6.787774	6.827563	6.51
20240127	-8.75	116.0	340.77	2369.430114	6.260748	6.351613	10.8
20240128	-8.0	115.25	281.381	3123.693497	6.93576	10.085734	5.37
20240128	-8.0	116.0	369.631	2315.362348	4.50963	5.161659	3.83
20240128	-8.75	115.25	342.772	2310.453012	4.743022	3.840401	3.51
20240128	-8.75	116.0	369.147	2193.800573	5.009083	4.177772	5.11
20240129	-8.0	115.25	239.918	3406.353421	6.758947	7.451483	16.89
20240129	-8.0	116.0	389.83	2041.53195	3.480969	2.766296	12.79
20240129	-8.75	115.25	349.713	2011.629536	3.35319	2.375649	9.43
20240129	-8.75	116.0	349.33	2006.08336	3.847534	2.840819	12.98
20240130	-8.0	115.25	243.746	2843.751692	5.968943	5.424368	16.56
20240130	-8.0	116.0	403.355	1667.393487	2.985849	2.470831	13.42
20240130	-8.75	115.25	325.548	1953.169118	3.603023	2.60765	10.52
20240130	-8.75	116.0	378.449	1683.659357	3.651763	3.115788	12.91
20240131	-8.0	115.25	280.667	2420.992849	4.578062	4.336912	10.53
20240131	-8.0	116.0	446.302	1495.784021	2.506637	2.040117	8.49
20240131	-8.75	115.25	422.224	1495.713413	2.402474	1.682246	7.36
20240131	-8.75	116.0	451.458	1408.640892	2.743582	2.161985	9.16
20240201	-8.0	115.25	259.219	2617.532665	5.275362	6.837612	13.2
20240201	-8.0	116.0	394.914	1612.459675	3.004138	2.770456	10.66
20240201	-8.75	115.25	370.154	1636.045538	2.954711	2.32513	10.14
20240201	-8.75	116.0	388.81	1521.74584	3.2276	2.630689	12.51
20240202	-8.0	115.25	277.158	2937.19539	5.891567	8.463873	28.78
20240202	-8.0	116.0	333.319	2347.282933	3.985002	4.612554	25.03
20240202	-8.75	115.25	443.686	1563.407906	2.969201	2.505168	14.49
20240202	-8.75	116.0	426.03	1636.944112	3.466117	3.062913	18.37
20240203	-8.0	115.25	320.49	2637.907579	5.621311	7.967634	17.21
20240203	-8.0	116.0	467.587	1787.439129	3.04223	2.59087	11.86
20240203	-8.75	115.25	379.829	2003.743263	3.848566	3.193682	10.45
20240203	-8.75	116.0	375.22	2188.37482	4.561985	3.804469	14.85
20240204	-8.0	115.25	341.67	1988.338748	5.735763	8.057602	17.62
20240204	-8.0	116.0	366.126	1946.616738	4.408029	4.320526	15.38
20240204	-8.75	115.25	480.444	1259.269134	2.587321	1.864576	10.24
20240204	-8.75	116.0	430.053	1502.095091	3.524242	2.394447	12.18
20240205	-8.0	115.25	289.248	2259.520204	5.921113	8.222297	14.96
20240205	-8.0	116.0	357.633	1840.981677	4.119698	4.197882	11.63
20240205	-8.75	115.25	526.961	1112.050228	2.334896	1.610288	7.47
20240205	-8.75	116.0	444.985	1343.990247	3.24835	2.296623	9.24
20240206	-8.0	115.25	301.211	2224.599035	6.696034	7.854707	11.31
20240206	-8.0	116.0	420.13	1579.197629	3.862873	3.748059	10.8
20240206	-8.75	115.25	554.661	1103.930689	2.276508	1.311219	10.23
20240206	-8.75	116.0	516.679	1192.772689	2.703311	1.663282	12.74
20240207	-8.0	115.25	278.576	2652.994156	5.963425	6.618456	19.46
20240207	-8.0	116.0	530.711	1367.829384	2.728896	2.295021	15.57
20240207	-8.75	115.25	470.966	1450.09024	2.61363	1.684363	13.9
20240207	-8.75	116.0	375.05	1827.665378	3.804194	2.707602	16.6
20240208	-8.0	115.25	233.383	2951.559454	7.288483	7.066732	7.2
20240208	-8.0	116.0	447.55	1520.467434	3.285032	2.629284	6.2
20240208	-8.75	115.25	370.333	1775.52041	3.938744	2.226138	7.89
20240208	-8.75	116.0	337.445	1927.633837	4.903641	3.068464	10.59
20240209	-8.0	115.25	262.231	2631.154211	6.382685	5.478353	15.67
20240209	-8.0	116.0	364.031	1880.057742	3.932882	3.158105	10.58
20240209	-8.75	115.25	286.653	2332.404684	5.163522	3.31762	13.09
20240209	-8.75	116.0	354.32	1887.064236	4.517052	3.115811	14.02
20240210	-8.0	115.25	346.82	2179.411799	4.887602	4.566057	20.0
20240210	-8.0	116.0	498.95	1477.178675	2.806393	1.907242	15.28
20240210	-8.75	115.25	396.361	1783.167365	3.487515	2.349899	10.5
20240210	-8.75	116.0	406.796	1758.880127	3.969975	2.805399	13.48
20240211	-8.0	115.25	288.274	2571.410186	5.482399	8.627625	28.98
20240211	-8.0	116.0	403.6	1821.218038	3.441747	3.379864	26.51
20240211	-8.75	115.25	460.727	1473.427214	2.759304	2.199409	21.55
20240211	-8.75	116.0	433.884	1567.21036	3.416853	2.463041	22.71
20240212	-8.0	115.25	270.119	2987.375564	6.317145	9.466291	21.52
20240212	-8.0	116.0	398.689	1961.290881	3.491162	3.127932	17.25
20240212	-8.75	115.25	458.127	1615.208447	2.883172	2.153452	18.8
20240212	-8.75	116.0	408.533	1798.090974	3.732724	2.587762	18.4
20240213	-8.0	115.25	229.42	3603.676663	8.831798	10.372439	15.79
20240213	-8.0	116.0	384.165	2108.071532	4.247701	4.088717	11.79
20240213	-8.75	115.25	320.069	2414.766816	5.276325	3.844177	19.12
20240213	-8.75	116.0	335.85	2308.030073	5.641522	4.480718	20.47
20240214	-8.0	115.25	244.693	3297.610475	6.530918	5.491702	21.34
20240214	-8.0	116.0	426.253	1825.110205	3.396917	2.42255	14.86
20240214	-8.75	115.25	278.914	2815.196799	5.871373	4.216447	23.97
20240214	-8.75	116.0	336.112	2323.859011	5.474517	4.185215	25.27
20240215	-8.0	115.25	258.482	2979.696072	5.447784	4.31538	23.73
20240215	-8.0	116.0	368.594	2139.514479	4.825882	2.955911	33.27
20240215	-8.75	115.25	289.075	2535.706651	4.824288	3.457374	21.84
20240215	-8.75	116.0	352.091	2130.236501	4.462602	3.685791	24.72
20240216	-8.0	115.25	252.434	2980.475689	5.869518	4.539769	15.92
20240216	-8.0	116.0	357.507	2352.484846	5.565245	3.303286	33.82
20240216	-8.75	115.25	320.814	2221.408667	4.317015	2.676254	10.46
20240216	-8.75	116.0	328.294	2195.915247	4.389648	3.205063	13.46
20240217	-8.0	115.25	260.814	3190.01549	6.709348	4.260266	16.87
20240217	-8.0	116.0	414.522	2138.250563	5.234914	2.348667	29.67
20240217	-8.75	115.25	331.038	2295.832805	4.950725	2.339179	10.88
20240217	-8.75	116.0	298.04	2652.771105	6.483881	3.219893	15.64
20240218	-8.0	115.25	278.963	2471.19152	5.298706	3.334733	10.57
20240218	-8.0	116.0	453.548	1675.75626	4.263498	2.001414	27.36
20240218	-8.75	115.25	366.64	1723.358335	3.583542	1.711467	6.39
20240218	-8.75	116.0	349.437	1886.265622	4.198611	2.360271	6.4
20240219	-8.0	115.25	315.806	2284.453114	5.13665	2.759032	17.3
20240219	-8.0	116.0	510.207	1465.413058	3.121929	1.347014	18.47
20240219	-8.75	115.25	317.884	2200.878622	4.97232	2.635358	15.76
20240219	-8.75	116.0	368.921	2070.204461	4.934387	2.809208	21.36
20240220	-8.0	115.25	327.649	2173.239351	5.358902	3.939008	15.19
20240220	-8.0	116.0	480.42	1466.795512	3.564854	1.720315	17.29
20240220	-8.75	115.25	391.678	1695.229244	4.102602	2.082428	14.3
20240220	-8.75	116.0	411.657	1700.997189	4.556437	2.901238	21.53
20240221	-8.0	115.25	355.397	2015.617746	4.845578	4.63025	23.69
20240221	-8.0	116.0	514.306	1376.888273	3.23795	1.836433	25.08
20240221	-8.75	115.25	531.571	1217.99214	2.766528	1.588332	15.59
20240221	-8.75	116.0	411.295	1665.720225	4.382205	2.922513	28.1
20240222	-8.0	115.25	363.055	2227.759706	5.027045	8.435154	28.83
20240222	-8.0	116.0	513.272	1527.393078	3.22974	2.985162	24.98
20240222	-8.75	115.25	469.175	1600.475302	3.573485	3.243182	22.22
20240222	-8.75	116.0	385.423	2048.557818	4.989303	5.012475	31.64
20240223	-8.0	115.25	305.952	2448.87368	5.650416	6.76345	14.71
20240223	-8.0	116.0	462.962	1572.29967	3.591208	2.228213	12.49
20240223	-8.75	115.25	280.421	2719.06241	7.188456	7.386826	21.43
20240223	-8.75	116.0	459.975	1665.14528	4.742245	3.587632	17.8
20240224	-8.0	115.25	357.018	2088.287985	4.899694	6.331728	13.51
20240224	-8.0	116.0	514.179	1434.15367	3.404941	2.452941	13.87
20240224	-8.75	115.25	255.937	3041.446919	6.995233	7.679288	15.47
20240224	-8.75	116.0	386.536	1976.41979	5.378868	4.576184	17.52
20240225	-8.0	115.25	431.443	1793.033842	4.309851	6.483385	22.35
20240225	-8.0	116.0	530.864	1460.238781	3.34742	3.202291	21.38
20240225	-8.75	115.25	289.336	2741.263099	5.97075	6.057003	19.87
20240225	-8.75	116.0	317.906	2507.99167	6.190959	5.854098	23.26
20240226	-8.0	115.25	237.594	3510.639158	7.317912	10.890405	19.94
20240226	-8.0	116.0	379.542	2220.328185	4.633561	4.801824	21.42
20240226	-8.75	115.25	374.617	2042.598707	3.580433	2.313249	11.06
20240226	-8.75	116.0	401.768	1963.404253	3.919025	2.637918	16.12
20240227	-8.0	115.25	269.086	2992.956899	5.335506	4.834328	4.01
20240227	-8.0	116.0	406.3	2033.859463	3.402208	2.51939	8.02
20240227	-8.75	115.25	302.396	2495.877922	4.355815	2.946625	3.0
20240227	-8.75	116.0	387.229	1980.261292	3.928717	2.872174	6.25
20240228	-8.0	115.25	269.304	2658.806033	4.994723	3.807571	7.18
20240228	-8.0	116.0	464.536	1559.345024	2.656474	1.60212	5.95
20240228	-8.75	115.25	285.749	2481.244729	5.365884	4.496621	11.9
20240228	-8.75	116.0	373.095	1953.674265	4.289312	3.113212	12.94
20240229	-8.0	115.25	288.639	2346.427891	4.248348	2.922263	7.55
20240229	-8.0	116.0	500.342	1358.361281	2.23757	1.180879	5.9
20240229	-8.75	115.25	262.457	2735.938077	5.504441	4.537166	9.48
20240229	-8.75	116.0	399.978	1778.475816	3.664972	2.475755	10.65
20240301	-8.0	115.25	311.277	2416.49367	5.60505	5.580798	16.57
20240301	-8.0	116.0	435.155	1641.582195	3.489541	1.892063	10.47
20240301	-8.75	115.25	302.803	2557.346195	6.365809	4.004676	15.82
20240301	-8.75	116.0	366.608	2022.886025	5.619763	3.371672	15.0
20240302	-8.0	115.25	472.229	1721.89785	4.142287	4.817377	25.95
20240302	-8.0	116.0	523.231	1477.891027	3.144537	2.255757	18.04
20240302	-8.75	115.25	249.14	3309.899655	8.364293	6.892831	32.04
20240302	-8.75	116.0	370.872	2215.790354	5.688947	4.470672	26.41
20240303	-8.0	115.25	344.554	2423.612264	6.455264	8.06419	24.45
20240303	-8.0	116.0	462.285	1709.2324	4.078672	3.750606	17.53
20240303	-8.75	115.25	239.983	3285.130613	8.594417	6.254297	19.81
20240303	-8.75	116.0	286.637	2873.063143	7.780744	6.504492	23.46
20240304	-8.0	115.25	225.883	3441.598527	8.35993	7.358819	16.54
20240304	-8.0	116.0	349.863	2170.7657	4.810054	3.191789	12.01
20240304	-8.75	115.25	296.743	2381.811534	6.329298	3.352902	10.44
20240304	-8.75	116.0	322.704	2363.897566	6.489938	4.145651	16.55
20240305	-8.0	115.25	274.007	2701.791195	6.643911	4.508239	15.26
20240305	-8.0	116.0	435.65	1675.340296	3.830855	2.028015	11.25
20240305	-8.75	115.25	290.062	2354.480077	7.035758	3.262857	10.03
20240305	-8.75	116.0	354.674	2081.19287	6.768086	3.907704	16.1
20240306	-8.0	115.25	330.365	2136.583476	5.04354	2.765781	21.86
20240306	-8.0	116.0	478.37	1398.697452	3.01964	1.259904	16.53
20240306	-8.75	115.25	262.617	2594.46342	6.855306	3.636607	25.6
20240306	-8.75	116.0	421.172	1693.449232	4.84291	2.805733	26.47
20240307	-8.0	115.25	297.13	2411.485208	6.014643	6.185915	14.94
20240307	-8.0	116.0	425.775	1594.591275	3.790993	1.972097	10.0
20240307	-8.75	115.25	305.939	2278.395693	6.49993	4.250612	15.2
20240307	-8.75	116.0	365.283	1966.773433	6.143182	3.732966	17.52
20240308	-8.0	115.25	356.473	2292.769999	6.104858	7.067626	21.82
20240308	-8.0	116.0	503.012	1527.601131	3.696228	2.549726	15.82
20240308	-8.75	115.25	335.291	2188.077521	6.438512	3.894265	18.0
20240308	-8.75	116.0	373.684	2050.235761	6.509436	4.107583	21.48
20240309	-8.0	115.25	481.586	1687.751513	5.438576	7.132049	22.36
20240309	-8.0	116.0	608.296	1301.229665	3.99539	3.461139	16.16
20240309	-8.75	115.25	596.507	1213.935629	3.529055	2.214868	15.54
20240309	-8.75	116.0	470.976	1583.420174	5.359443	3.146131	16.69
20240310	-8.0	115.25	519.891	1395.844129	4.439211	9.469754	23.28
20240310	-8.0	116.0	658.383	1081.132107	3.039129	4.510053	15.98
20240310	-8.75	115.25	859.018	781.320531	2.009982	2.075124	14.09
20240310	-8.75	116.0	688.451	991.671157	2.86434	2.99232	15.82
20240311	-8.0	115.25	415.419	1827.252966	4.905729	7.558251	18.94
20240311	-8.0	116.0	454.072	1654.181495	3.882655	4.959046	15.26
20240311	-8.75	115.25	375.531	1965.137632	4.982449	5.958472	18.63
20240311	-8.75	116.0	339.523	2152.055089	5.743944	6.946057	21.06
20240312	-8.0	115.25	702.109	1053.520465	2.811158	4.084692	13.12
20240312	-8.0	116.0	716.419	1034.565108	2.347283	2.415264	9.49
20240312	-8.75	115.25	282.739	2740.297943	7.187908	10.058817	16.84
20240312	-8.75	116.0	479.747	1578.563284	4.20314	4.819955	14.45
20240313	-8.0	115.25	920.854	847.220623	2.334964	3.551248	16.85
20240313	-8.0	116.0	983.729	795.222465	1.866803	2.169228	13.23
20240313	-8.75	115.25	437.151	1799.820657	5.224849	7.470675	20.67
20240313	-8.75	116.0	545.195	1411.132897	4.131898	5.493541	18.39
20240314	-8.0	115.25	886.412	934.839894	2.406048	3.920407	17.77
20240314	-8.0	116.0	969.826	863.369718	1.824113	2.449753	14.51
20240314	-8.75	115.25	505.826	1607.767295	4.188181	5.147784	20.58
20240314	-8.75	116.0	533.85	1537.31123	4.043726	4.980648	19.09
20240315	-8.0	115.25	626.165	1270.277642	3.742518	5.491778	17.06
20240315	-8.0	116.0	765.327	1035.891586	2.552352	3.061666	13.91
20240315	-8.75	115.25	565.538	1249.498354	3.470686	3.875317	12.87
20240315	-8.75	116.0	443.402	1645.956716	4.631026	5.325592	14.53
20240316	-8.0	115.25	488.077	1513.249959	4.911073	9.943142	20.01
20240316	-8.0	116.0	651.267	1143.78235	3.024409	5.321965	15.67
20240316	-8.75	115.25	932.29	680.774437	1.807137	2.213545	13.6
20240316	-8.75	116.0	611.192	1066.966027	3.121929	4.029999	16.7
20240317	-8.0	115.25	506.457	1564.348405	4.26914	11.076709	19.44
20240317	-8.0	116.0	686.949	1148.218281	2.535609	5.188509	13.69
20240317	-8.75	115.25	591.639	1155.872753	2.83064	4.470922	12.98
20240317	-8.75	116.0	399.199	1788.862698	4.717098	7.878169	15.19
20240318	-8.0	115.25	359.747	2305.980592	5.836858	19.065793	18.94
20240318	-8.0	116.0	479.632	1707.049988	3.698265	9.707626	13.34
20240318	-8.75	115.25	678.099	1084.643835	2.555917	5.068331	10.44
20240318	-8.75	116.0	462.429	1676.258409	4.349401	9.35432	13.02
20240319	-8.0	115.25	267.589	3089.116892	7.173927	25.064838	21.3
20240319	-8.0	116.0	412.758	1980.256954	4.002774	11.419408	15.24
20240319	-8.75	115.25	727.25	987.613338	2.203079	4.467487	12.25
20240319	-8.75	116.0	480.334	1595.048237	3.877362	8.664742	16.57
20240320	-8.0	115.25	236.224	3402.460377	6.658646	23.431997	25.15
20240320	-8.0	116.0	424.055	1853.072833	3.384023	8.300006	20.25
20240320	-8.75	115.25	342.665	2166.501102	4.365024	9.862945	14.21
20240320	-8.75	116.0	362.852	2216.749804	4.952705	11.188711	21.34
20240321	-8.0	115.25	223.992	3746.774438	7.487968	22.195119	17.53
20240321	-8.0	116.0	447.109	1803.849621	3.234547	7.372768	11.81
20240321	-8.75	115.25	333.338	2270.989206	4.528524	9.282203	13.1
20240321	-8.75	116.0	405.672	1946.7666	4.152742	8.388336	15.83
20240322	-8.0	115.25	244.312	3039.045974	7.002828	9.580266	14.72
20240322	-8.0	116.0	390.697	1908.041014	3.937207	4.787083	11.84
20240322	-8.75	115.25	376.585	1749.899491	3.81264	3.169324	13.52
20240322	-8.75	116.0	427.864	1596.432278	3.832042	3.860736	16.35
20240323	-8.0	115.25	226.828	2775.373411	7.602637	5.607641	16.66
20240323	-8.0	116.0	439.159	1522.398493	3.645279	2.643102	17.77
20240323	-8.75	115.25	430.573	1432.860398	3.4662	1.926671	12.61
20240323	-8.75	116.0	453.505	1378.738272	3.641241	2.303434	16.46
20240324	-8.0	115.25	181.114	3870.276732	9.556257	7.1419	15.31
20240324	-8.0	116.0	359.812	2017.307372	4.295891	2.846203	16.31
20240324	-8.75	115.25	370.643	1871.446109	4.023931	2.360209	13.03
20240324	-8.75	116.0	466.203	1512.599662	3.628023	2.29944	15.88
20240325	-8.0	115.25	214.895	3635.151586	7.756127	6.195295	27.66
20240325	-8.0	116.0	427.139	1857.919319	3.668785	2.80367	25.45
20240325	-8.75	115.25	543.691	1400.959736	2.762613	1.572244	22.32
20240325	-8.75	116.0	500.527	1535.308385	3.256112	2.064954	25.49
20240326	-8.0	115.25	206.366	4035.662851	7.299923	4.928646	15.46
20240326	-8.0	116.0	476.944	1767.204955	2.901198	1.707084	15.44
20240326	-8.75	115.25	736.053	1094.546724	1.87158	0.989127	10.25
20240326	-8.75	116.0	642.017	1262.911886	2.227784	1.212958	10.83
20240327	-8.0	115.25	178.856	4479.081496	9.520872	5.712568	8.11
20240327	-8.0	116.0	519.314	1557.616009	3.016089	1.470547	7.47
20240327	-8.75	115.25	620.103	1262.922611	2.472451	1.167387	6.07
20240327	-8.75	116.0	676.809	1159.29797	2.408154	1.119888	6.91
20240328	-8.0	115.25	248.641	2851.431582	8.918903	5.045081	10.62
20240328	-8.0	116.0	446.987	1623.234456	4.19376	1.938655	7.53
20240328	-8.75	115.25	346.589	2017.05536	5.372026	2.347229	7.48
20240328	-8.75	116.0	495.717	1444.871166	4.086154	1.794874	9.32
20240329	-8.0	115.25	262.604	2757.384122	6.760582	4.41042	9.59
20240329	-8.0	116.0	499.276	1478.989977	3.154376	1.660203	5.99
20240329	-8.75	115.25	570.661	1246.475053	2.80514	1.387037	5.89
20240329	-8.75	116.0	544.958	1337.142862	3.141235	1.629943	7.06
20240330	-8.0	115.25	309.283	2332.719548	5.542729	3.500939	7.47
20240330	-8.0	116.0	452.217	1610.910028	3.506863	1.845294	4.85
20240330	-8.75	115.25	637.512	1098.126937	2.503609	1.156262	4.62
20240330	-8.75	116.0	623.874	1151.218676	2.649541	1.360814	6.13
20240331	-8.0	115.25	292.341	2487.272398	6.01488	3.287581	5.52
20240331	-8.0	116.0	446.907	1660.814219	3.704117	1.755226	5.42
20240331	-8.75	115.25	503.094	1438.656394	3.130552	1.391692	4.05
20240331	-8.75	116.0	509.412	1439.185571	3.231078	1.504423	5.66
20240401	-8.0	115.25	248.287	3073.137136	7.231394	3.67974	11.09
20240401	-8.0	116.0	381.628	1995.263712	4.327528	1.844808	11.76
20240401	-8.75	115.25	433.477	1758.424784	3.901831	1.678177	8.87
20240401	-8.75	116.0	438.636	1735.134827	4.118435	1.826652	11.42
20240402	-8.0	115.25	226.401	3194.068931	7.298961	4.43188	9.41
20240402	-8.0	116.0	445.748	1664.66232	3.455614	1.809798	9.22
20240402	-8.75	115.25	303.089	2367.509213	4.851892	2.609302	8.41
20240402	-8.75	116.0	492.721	1477.65693	3.246568	1.792109	11.07
20240403	-8.0	115.25	227.324	3319.809611	6.770829	5.489948	14.35
20240403	-8.0	116.0	407.553	1892.75677	3.52269	2.564263	11.38
20240403	-8.75	115.25	262.079	2805.842513	5.354965	3.177108	11.56
20240403	-8.75	116.0	446.897	1666.082789	3.480939	2.214293	13.04
20240404	-8.0	115.25	244.329	2855.735504	6.99472	4.97408	15.82
20240404	-8.0	116.0	349.063	2034.384337	4.370374	3.038317	16.56
20240404	-8.75	115.25	296.438	2217.116227	4.626043	2.241939	12.49
20240404	-8.75	116.0	352.597	1795.243295	4.370179	2.121596	13.5
20240405	-8.0	115.25	341.347	2270.22502	5.506039	8.165155	22.94
20240405	-8.0	116.0	418.548	1781.925848	3.916581	4.027318	19.91
20240405	-8.75	115.25	450.556	1491.14028	3.292028	2.735549	14.06
20240405	-8.75	116.0	389.775	1749.297672	4.437044	4.081873	18.14
20240406	-8.0	115.25	331.994	2365.924987	5.919408	9.056173	26.04
20240406	-8.0	116.0	402.075	1915.622458	4.31374	4.996739	18.67
20240406	-8.75	115.25	498.168	1349.351825	2.899986	2.119815	14.34
20240406	-8.75	116.0	470.082	1439.256768	3.584821	2.869721	16.74
20240407	-8.0	115.25	307.349	2503.827896	5.795181	10.16709	20.6
20240407	-8.0	116.0	502.807	1493.07269	3.102584	3.300873	14.4
20240407	-8.75	115.25	304.041	2266.408478	5.38235	4.804457	11.8
20240407	-8.75	116.0	371.846	1911.154349	4.958483	4.991332	16.87
20240408	-8.0	115.25	300.452	2792.802844	5.856636	12.744971	23.99
20240408	-8.0	116.0	452.861	1751.642115	3.313915	4.475486	14.74
20240408	-8.75	115.25	282.778	2810.768872	6.127864	7.884818	14.56
20240408	-8.75	116.0	319.111	2592.159155	5.827057	8.184907	19.06
20240409	-8.0	115.25	295.711	2762.17929	6.016496	7.840354	16.24
20240409	-8.0	116.0	400.638	1888.703518	3.790102	3.198463	10.61
20240409	-8.75	115.25	277.464	2965.107545	6.67931	6.189823	14.61
20240409	-8.75	116.0	357.521	2309.349661	5.484285	5.497932	18.01
20240410	-8.0	115.25	255.791	3239.414991	6.777576	4.756332	11.59
20240410	-8.0	116.0	452.911	1726.951432	3.432783	1.616644	8.86
20240410	-8.75	115.25	298.762	2866.038519	6.276263	3.990323	15.48
20240410	-8.75	116.0	334.619	2524.452288	6.628661	3.706914	16.26
20240411	-8.0	115.25	269.142	3058.181183	6.611751	4.032771	10.34
20240411	-8.0	116.0	445.225	1749.021955	3.698901	1.597796	9.06
20240411	-8.75	115.25	315.16	2638.098109	5.849156	3.169522	11.78
20240411	-8.75	116.0	335.962	2402.596722	5.978876	3.085096	14.18
20240412	-8.0	115.25	296.283	2518.366562	6.054583	3.846471	9.05
20240412	-8.0	116.0	418.674	1697.724005	3.723976	1.790885	6.87
20240412	-8.75	115.25	499.306	1452.805294	3.479255	1.94579	8.82
20240412	-8.75	116.0	481.286	1471.738218	3.663082	2.038146	10.14
20240413	-8.0	115.25	314.197	2229.029876	5.25788	3.353126	9.75
20240413	-8.0	116.0	446.85	1600.965425	3.427336	1.807962	6.98
20240413	-8.75	115.25	613.668	1105.099826	2.657693	1.45828	10.42
20240413	-8.75	116.0	554.223	1224.128916	2.992059	1.668567	12.13
20240414	-8.0	115.25	322.178	2218.835551	5.327524	3.40535	6.28
20240414	-8.0	116.0	486.534	1524.836291	3.248873	1.651517	3.99
20240414	-8.75	115.25	547.589	1223.9236	2.934537	1.586306	6.28
20240414	-8.75	116.0	528.693	1317.648995	3.087614	1.727319	6.19
20240415	-8.0	115.25	297.585	2482.731993	5.176202	3.356876	11.2
20240415	-8.0	116.0	451.186	1682.985288	3.07817	1.662358	9.09
20240415	-8.75	115.25	580.129	1217.828793	2.484335	1.32285	8.8
20240415	-8.75	116.0	561.689	1260.034467	2.548729	1.40416	10.39
20240416	-8.0	115.25	356.16	1875.103044	4.693121	2.149805	14.55
20240416	-8.0	116.0	479.777	1400.106299	3.286589	1.062263	13.07
20240416	-8.75	115.25	668.942	967.317495	2.525703	0.826697	14.12
20240416	-8.75	116.0	598.913	1086.417894	3.073323	0.966396	15.17
20240417	-8.0	115.25	322.974	2021.987528	5.553682	1.960942	11.4
20240417	-8.0	116.0	506.964	1281.414459	3.2909	0.977832	11.48
20240417	-8.75	115.25	717.576	911.764886	2.285723	0.809403	10.68
20240417	-8.75	116.0	661.31	975.942901	2.688352	0.874742	11.57
20240418	-8.0	115.25	319.745	2009.349638	5.370674	2.823828	9.86
20240418	-8.0	116.0	449.526	1442.470068	3.582943	1.533398	8.81
20240418	-8.75	115.25	634.409	1008.849496	2.488236	1.076329	10.41
20240418	-8.75	116.0	609.766	1038.726823	2.631541	1.201691	11.39
20240419	-8.0	115.25	314.855	2043.581966	5.565063	3.2313	12.39
20240419	-8.0	116.0	458.092	1381.309431	3.390959	1.598634	9.23
20240419	-8.75	115.25	586.594	1087.06908	2.847182	1.520384	10.77
20240419	-8.75	116.0	551.412	1139.219313	2.943476	1.477776	11.42
20240420	-8.0	115.25	307.433	1986.599357	5.860178	2.846888	10.45
20240420	-8.0	116.0	464.181	1302.197203	3.521702	1.306087	9.16
20240420	-8.75	115.25	605.311	1011.054648	2.86146	1.357816	10.69
20240420	-8.75	116.0	528.551	1146.75878	3.271546	1.457225	11.33
20240421	-8.0	115.25	275.006	2196.457168	6.455412	2.855819	12.92
20240421	-8.0	116.0	381.079	1566.510619	4.223563	1.470553	11.62
20240421	-8.75	115.25	484.027	1282.216281	3.477161	1.680369	15.65
20240421	-8.75	116.0	434.527	1430.875412	4.102539	1.839412	16.06
20240422	-8.0	115.25	282.633	2284.297304	6.084813	2.788841	16.46
20240422	-8.0	116.0	399.568	1574.777259	3.756374	1.285942	14.23
20240422	-8.75	115.25	511.532	1285.769805	3.245136	1.721408	19.34
20240422	-8.75	116.0	412.979	1581.311883	4.193402	1.943565	20.56
20240423	-8.0	115.25	292.114	2295.071787	6.085295	2.849691	13.4
20240423	-8.0	116.0	388.367	1680.962852	4.041762	1.334231	9.31
20240423	-8.75	115.25	478.179	1452.821642	3.804561	1.851861	18.4
20240423	-8.75	116.0	425.63	1588.269389	4.165851	1.839956	18.45
20240424	-8.0	115.25	377.071	1815.793577	4.217956	1.9992	10.18
20240424	-8.0	116.0	515.621	1324.313207	2.748587	0.932786	8.38
20240424	-8.75	115.25	405.725	1737.33243	4.199645	2.316885	12.9
20240424	-8.75	116.0	331.501	2073.552116	5.085427	2.156289	12.61
20240425	-8.0	115.25	451.211	1570.910284	4.087737	1.964879	12.16
20240425	-8.0	116.0	557.305	1260.989763	2.976225	1.177681	13.47
20240425	-8.75	115.25	380.573	1919.419139	5.228981	2.985835	13.51
20240425	-8.75	116.0	326.766	2212.233525	6.002066	2.776008	14.22
20240426	-8.0	115.25	390.56	1732.762956	4.870394	3.065793	10.52
20240426	-8.0	116.0	488.578	1387.162746	3.503269	1.901032	8.58
20240426	-8.75	115.25	450.735	1523.906286	4.159167	2.557205	9.43
20240426	-8.75	116.0	438.336	1573.18792	4.247415	2.480672	11.27
20240427	-8.0	115.25	345.439	2024.241038	5.551203	3.367249	17.72
20240427	-8.0	116.0	451.923	1524.468328	3.654983	1.817838	14.35
20240427	-8.75	115.25	462.493	1490.424936	3.903867	2.08428	15.1
20240427	-8.75	116.0	432.181	1584.139053	4.100789	2.164678	15.66
20240428	-8.0	115.25	293.555	2239.382058	5.590523	3.281804	16.18
20240428	-8.0	116.0	419.141	1492.799798	3.533238	1.630946	14.82
20240428	-8.75	115.25	654.984	1014.537912	2.316385	1.125916	15.34
20240428	-8.75	116.0	613.797	1054.634513	2.498846	1.193051	15.86
20240429	-8.0	115.25	325.577	1809.282597	5.016703	2.91525	14.86
20240429	-8.0	116.0	437.971	1341.340408	3.457138	1.647054	14.5
20240429	-8.75	115.25	681.924	911.481485	2.243146	1.162708	14.5
20240429	-8.75	116.0	629.518	972.155046	2.438253	1.304855	15.42
20240430	-8.0	115.25	373.295	1817.117829	4.853936	2.50975	13.74
20240430	-8.0	116.0	461.446	1493.344833	3.628336	1.539734	12.69
20240430	-8.75	115.25	652.243	1029.632361	2.552297	1.123478	12.44
20240430	-8.75	116.0	613.699	1105.754124	2.701761	1.203135	12.72
20240501	-8.0	115.25	357.823	1778.202351	4.862955	2.30052	16.21
20240501	-8.0	116.0	441.653	1430.551813	3.524647	1.284856	15.36
20240501	-8.75	115.25	637.148	987.019499	2.541182	0.935513	13.53
20240501	-8.75	116.0	592.771	1068.936739	2.734397	1.039628	14.76
20240502	-8.0	115.25	326.982	1854.209406	5.158504	2.189483	14.21
20240502	-8.0	116.0	421.789	1436.978442	3.589499	1.217076	11.96
20240502	-8.75	115.25	674.416	904.482397	2.284425	0.758375	12.51
20240502	-8.75	116.0	649.825	940.175278	2.389389	0.847386	13.04
20240503	-8.0	115.25	363.86	1706.041609	4.863214	2.107725	17.97
20240503	-8.0	116.0	492.151	1263.291754	3.251994	1.11185	17.29
20240503	-8.75	115.25	753.032	817.562335	2.12655	0.727241	15.06
20240503	-8.75	116.0	707.198	870.206364	2.335026	0.864603	16.14
20240504	-8.0	115.25	357.003	1793.249076	4.786825	2.342522	14.73
20240504	-8.0	116.0	570.453	1115.949956	2.692802	1.063345	13.44
20240504	-8.75	115.25	692.739	912.495615	2.227778	0.938494	14.96
20240504	-8.75	116.0	667.112	943.161268	2.388888	1.036695	16.16
20240505	-8.0	115.25	392.526	1632.303847	4.601609	2.601866	12.05
20240505	-8.0	116.0	563.448	1137.410196	2.934383	1.31467	10.56
20240505	-8.75	115.25	577.95	1093.715027	2.781478	1.064085	9.39
20240505	-8.75	116.0	582.114	1086.583212	2.874731	1.154087	8.92
20240506	-8.0	115.25	360.538	1797.224148	4.81848	2.306007	7.91
20240506	-8.0	116.0	472.853	1377.462763	3.254472	1.446887	5.95
20240506	-8.75	115.25	505.116	1273.737914	3.192562	1.143053	7.07
20240506	-8.75	116.0	518.064	1244.537934	3.13114	1.243087	8.04
20240507	-8.0	115.25	371.074	1720.215375	4.841183	2.320332	10.99
20240507	-8.0	116.0	455.204	1415.810933	3.527368	1.373831	8.78
20240507	-8.75	115.25	549.621	1148.30656	2.968811	1.090912	9.98
20240507	-8.75	116.0	567.743	1122.678219	2.979586	1.189624	10.97
20240508	-8.0	115.25	356.425	1769.695448	4.87206	2.595972	8.77
20240508	-8.0	116.0	447.529	1399.521148	3.444411	1.405938	6.84
20240508	-8.75	115.25	643.751	956.989271	2.550048	1.052947	7.64
20240508	-8.75	116.0	623.871	983.937064	2.674785	1.159803	7.94
20240509	-8.0	115.25	423.407	1658.012267	4.281769	2.285555	17.65
20240509	-8.0	116.0	510.564	1367.965231	3.137953	1.254351	16.21
20240509	-8.75	115.25	613.61	1123.1991	2.936647	1.28405	14.0
20240509	-8.75	116.0	573.579	1214.028931	3.081849	1.364301	14.63
20240510	-8.0	115.25	399.929	1779.424598	5.199658	2.414949	17.3
20240510	-8.0	116.0	460.898	1543.960052	4.049252	1.50245	16.14
20240510	-8.75	115.25	548.492	1288.887349	3.579795	1.531162	17.04
20240510	-8.75	116.0	525.807	1341.972245	3.784217	1.601978	18.53
20240511	-8.0	115.25	312.943	2215.108822	6.155936	2.891262	10.9
20240511	-8.0	116.0	392.25	1735.64079	4.434797	1.634354	9.48
20240511	-8.75	115.25	527.69	1305.758495	3.504933	1.382877	12.91
20240511	-8.75	116.0	532.677	1287.354626	3.487534	1.461464	14.24
20240512	-8.0	115.25	289.331	2343.990447	6.702956	3.102309	24.38
20240512	-8.0	116.0	380.977	1763.884959	4.632791	1.678933	19.86
20240512	-8.75	115.25	500.76	1347.80274	3.687355	1.390881	22.6
20240512	-8.75	116.0	508.016	1334.367028	3.732967	1.491196	23.0
20240513	-8.0	115.25	359.828	1848.044065	5.421015	2.953917	13.95
20240513	-8.0	116.0	445.015	1484.745683	3.947366	1.696466	10.59
20240513	-8.75	115.25	476.289	1360.927924	3.934905	1.848219	11.75
20240513	-8.75	116.0	462.508	1418.976104	4.310109	2.180907	12.93
20240514	-8.0	115.25	358.621	1852.888704	5.623644	2.812339	7.31
20240514	-8.0	116.0	447.829	1481.963205	4.052645	1.694647	4.29
20240514	-8.75	115.25	554.751	1144.893655	3.326999	1.38	7.13
20240514	-8.75	116.0	536.092	1197.77762	3.634285	1.689187	7.98
20240515	-8.0	115.25	325.365	1983.448742	6.253362	2.792303	12.06
20240515	-8.0	116.0	432.248	1465.201227	4.212882	1.54328	10.39
20240515	-8.75	115.25	637.396	991.067406	2.860591	1.050564	11.0
20240515	-8.75	116.0	610.729	1017.922352	3.137134	1.193195	12.38
20240516	-8.0	115.25	351.226	1731.138071	5.76129	2.240301	17.68
20240516	-8.0	116.0	414.895	1436.91199	4.383579	1.379449	16.12
20240516	-8.75	115.25	576.179	1040.012913	3.160008	0.939059	16.56
20240516	-8.75	116.0	581.557	1019.927711	3.235463	1.069442	17.76
20240517	-8.0	115.25	356.381	1784.25393	5.267941	2.406941	18.6
20240517	-8.0	116.0	439.837	1425.678149	3.853455	1.388561	17.17
20240517	-8.75	115.25	603.42	1076.43101	2.929475	1.117603	18.26
20240517	-8.75	116.0	604.321	1072.075602	2.997994	1.196992	18.36
20240518	-8.0	115.25	397.122	1732.377204	4.801726	2.122602	11.22
20240518	-8.0	116.0	427.26	1599.64284	4.037846	1.460462	9.33
20240518	-8.75	115.25	713.727	975.116816	2.424165	0.859076	10.64
20240518	-8.75	116.0	720.497	971.939925	2.460432	0.927553	10.89
20240519	-8.0	115.25	393.197	1767.643955	4.777099	2.095152	16.65
20240519	-8.0	116.0	491.429	1428.552039	3.47519	1.256292	15.05
20240519	-8.75	115.25	740.869	943.05255	2.352869	0.865035	15.42
20240519	-8.75	116.0	720.317	980.610759	2.501046	0.943767	15.91
20240520	-8.0	115.25	369.897	1900.092458	5.275082	2.504678	12.71
20240520	-8.0	116.0	450.54	1533.297376	3.920906	1.517642	10.85
20240520	-8.75	115.25	714.478	979.320987	2.518471	0.979877	12.02
20240520	-8.75	116.0	694.235	996.270715	2.634717	1.093558	11.77
20240521	-8.0	115.25	361.944	2015.313971	5.308095	2.695818	16.19
20240521	-8.0	116.0	431.116	1686.780588	4.006608	1.665383	14.65
20240521	-8.75	115.25	579.78	1253.124806	3.169069	1.316108	16.12
20240521	-8.75	116.0	591.749	1238.508219	3.203681	1.418438	17.64
20240522	-8.0	115.25	283.295	2579.184949	6.914676	3.771111	22.39
20240522	-8.0	116.0	372.396	1980.171914	4.829585	2.177534	18.53
20240522	-8.75	115.25	428.321	1687.694509	4.260697	1.980358	20.51
20240522	-8.75	116.0	468.883	1556.796472	4.097726	2.082503	21.58
20240523	-8.0	115.25	262.972	2764.106065	7.373428	4.279585	22.25
20240523	-8.0	116.0	347.542	2100.383263	5.03374	2.266782	18.68
20240523	-8.75	115.25	434.337	1659.670026	4.338804	2.075997	19.31
20240523	-8.75	116.0	436.623	1652.315842	4.411119	2.212404	19.86
20240524	-8.0	115.25	230.537	3319.405562	8.68278	5.099689	20.16
20240524	-8.0	116.0	334.735	2363.205521	5.540368	2.676134	20.37
20240524	-8.75	115.25	478.946	1584.31723	3.981399	2.194442	17.3
20240524	-8.75	116.0	503.741	1497.326007	3.806637	2.018519	18.5
20240525	-8.0	115.25	289.458	2594.434426	6.876459	3.450522	14.61
20240525	-8.0	116.0	425.64	1818.862419	4.510269	1.895148	13.57
20240525	-8.75	115.25	612.888	1213.10272	2.963558	1.178957	13.13
20240525	-8.75	116.0	638.297	1154.573341	2.899772	1.200847	12.93
20240526	-8.0	115.25	306.617	2323.731235	5.918964	2.776628	17.62
20240526	-8.0	116.0	402.255	1778.957378	4.215147	1.765037	16.34
20240526	-8.75	115.25	653.034	1097.133534	2.569777	0.968092	17.74
20240526	-8.75	116.0	621.82	1146.963108	2.72772	1.102533	18.47
20240527	-8.0	115.25	313.58	2341.21245	5.889891	2.961248	18.77
20240527	-8.0	116.0	364.591	2035.93177	4.813163	2.030203	19.48
20240527	-8.75	115.25	510.361	1419.48895	3.344254	1.379573	16.78
20240527	-8.75	116.0	516.411	1423.239242	3.412239	1.508019	17.19
20240528	-8.0	115.25	394.725	1860.961936	4.618633	2.403012	9.08
20240528	-8.0	116.0	492.93	1505.709736	3.508378	1.613887	7.18
20240528	-8.75	115.25	253.506	2907.718555	7.427477	3.841138	10.01
20240528	-8.75	116.0	311.842	2428.078322	6.388713	3.522207	10.66
20240529	-8.0	115.25	344.982	2057.751419	5.971972	3.657933	10.8
20240529	-8.0	116.0	439.081	1567.629663	4.127295	2.244583	8.28
20240529	-8.75	115.25	221.995	3283.806392	9.313831	5.147021	10.74
20240529	-8.75	116.0	363.117	2086.170298	6.054974	3.812487	12.98
20240530	-8.0	115.25	290.099	2410.155843	7.16323	5.030059	15.23
20240530	-8.0	116.0	441.028	1601.826188	4.276835	2.928651	11.66
20240530	-8.75	115.25	436.164	1585.668235	4.439381	2.815003	12.0
20240530	-8.75	116.0	493.114	1456.182546	4.132588	2.896405	12.42
20240531	-8.0	115.25	309.85	2256.377925	5.827381	3.184581	14.85
20240531	-8.0	116.0	384.166	1865.814257	4.357265	2.168611	14.5
20240531	-8.75	115.25	565.267	1240.613374	2.978111	1.381866	12.06
20240531	-8.75	116.0	573.673	1228.980273	2.990343	1.468004	12.46
20240601	-8.0	115.25	278.453	2325.469289	6.965887	3.64877	14.69
20240601	-8.0	116.0	361.981	1810.716585	4.979695	2.274633	13.89
20240601	-8.75	115.25	487.156	1301.016717	3.604558	1.476547	11.23
20240601	-8.75	116.0	509.562	1219.036349	3.572804	1.592648	12.73
20240602	-8.0	115.25	295.634	2102.610999	6.477043	3.565135	16.59
20240602	-8.0	116.0	410.222	1559.712302	4.123662	1.91732	15.88
20240602	-8.75	115.25	385.832	1593.603952	4.458632	1.896038	14.09
20240602	-8.75	116.0	472.54	1321.625471	3.852973	1.821635	15.06
20240603	-8.0	115.25	429.583	1505.259519	4.100956	1.878784	15.3
20240603	-8.0	116.0	572.774	1145.722571	2.769429	1.188917	17.22
20240603	-8.75	115.25	625.636	1028.345875	2.542446	0.982569	14.49
20240603	-8.75	116.0	651.339	994.417039	2.477171	1.028394	14.68
20240604	-8.0	115.25	325.283	1954.056929	5.357753	2.772982	18.47
20240604	-8.0	116.0	436.632	1475.505689	3.684735	1.660443	17.32
20240604	-8.75	115.25	555.293	1123.894773	2.898499	1.272421	15.88
20240604	-8.75	116.0	620.644	1022.504689	2.681321	1.238916	16.96
20240605	-8.0	115.25	366.312	1730.46747	4.782341	2.26738	13.51
20240605	-8.0	116.0	461.497	1385.853646	3.435509	1.405697	12.57
20240605	-8.75	115.25	621.163	1010.75708	2.537365	0.99794	12.67
20240605	-8.75	116.0	679.155	932.033777	2.387371	0.97801	12.75
20240606	-8.0	115.25	409.963	1559.357064	4.403149	2.266867	12.67
20240606	-8.0	116.0	415.205	1521.982876	3.844328	1.754626	10.69
20240606	-8.75	115.25	579.273	1071.967449	2.945466	1.202534	14.51
20240606	-8.75	116.0	592.767	1043.931427	2.940267	1.310648	15.27
20240607	-8.0	115.25	361.822	1853.622776	4.664509	2.6373	24.78
20240607	-8.0	116.0	479.825	1390.493201	3.137129	1.354339	23.04
20240607	-8.75	115.25	632.796	1035.864165	2.469126	1.07404	20.82
20240607	-8.75	116.0	604.101	1090.203128	2.642268	1.121121	21.53
20240608	-8.0	115.25	320.497	2161.288561	5.129134	2.904841	14.97
20240608	-8.0	116.0	421.731	1652.6805	3.531004	1.527421	12.83
20240608	-8.75	115.25	518.622	1325.9102	2.999009	1.303455	13.12
20240608	-8.75	116.0	493.174	1407.144334	3.29868	1.396849	14.04
20240609	-8.0	115.25	325.909	2079.289618	5.231427	2.921859	12.87
20240609	-8.0	116.0	403.315	1695.03465	3.825025	1.663959	10.59
20240609	-8.75	115.25	555.977	1202.637699	2.876211	1.285097	11.04
20240609	-8.75	116.0	557.706	1202.997816	2.944277	1.26072	11.54
20240610	-8.0	115.25	363.275	1873.051545	4.835152	2.327263	13.8
20240610	-8.0	116.0	436.957	1573.905213	3.650497	1.321002	11.11
20240610	-8.75	115.25	543.858	1225.777317	3.058662	1.22885	13.43
20240610	-8.75	116.0	552.275	1208.849034	3.11554	1.280741	14.33
20240611	-8.0	115.25	342.774	1898.96404	4.822758	2.554913	16.98
20240611	-8.0	116.0	464.902	1404.050961	3.176809	1.378327	16.37
20240611	-8.75	115.25	568.506	1098.813557	2.753083	1.139694	14.95
20240611	-8.75	116.0	558.043	1124.419086	2.878879	1.275363	15.98
20240612	-8.0	115.25	352.311	1884.049036	4.438706	2.941356	12.23
20240612	-8.0	116.0	456.16	1443.728297	3.0898	1.707192	8.85
20240612	-8.75	115.25	507.071	1265.164642	2.913663	1.605562	11.31
20240612	-8.75	116.0	508.774	1264.923915	3.032765	1.820122	12.08
20240613	-8.0	115.25	321.424	1978.386181	5.915582	3.554853	15.3
20240613	-8.0	116.0	449.02	1385.776357	3.613302	1.887661	13.62
20240613	-8.75	115.25	523.109	1202.495082	3.413862	1.806919	14.21
20240613	-8.75	116.0	556.851	1099.614439	3.249365	1.754897	15.51
20240614	-8.0	115.25	385.32	1729.192879	4.573671	3.376731	25.3
20240614	-8.0	116.0	514.387	1238.687992	2.886138	1.692632	20.95
20240614	-8.75	115.25	463.424	1456.335667	3.834586	2.912072	22.9
20240614	-8.75	116.0	444.189	1452.484641	3.988667	2.796841	22.94
20240615	-8.0	115.25	380.506	1810.457391	4.368065	3.73997	20.19
20240615	-8.0	116.0	522.688	1285.89694	2.748251	1.860563	15.48
20240615	-8.75	115.25	483.628	1393.25494	3.236343	2.599887	13.74
20240615	-8.75	116.0	472.706	1434.50538	3.486186	2.786851	15.15
20240616	-8.0	115.25	472.144	1397.50521	3.240808	2.225368	13.87
20240616	-8.0	116.0	637.98	1008.37346	2.231927	1.272583	9.4
20240616	-8.75	115.25	497.069	1342.188509	3.230755	2.245081	11.44
20240616	-8.75	116.0	506.347	1352.699631	3.47679	2.448305	12.47
20240617	-8.0	115.25	511.145	1393.530603	3.982426	2.18781	20.41
20240617	-8.0	116.0	690.161	1040.69094	3.027862	1.363043	19.24
20240617	-8.75	115.25	460.499	1525.269762	4.284696	2.298544	17.56
20240617	-8.75	116.0	477.166	1514.99541	4.514364	2.387456	19.49
20240618	-8.0	115.25	537.8	1381.095203	4.128009	2.003862	15.77
20240618	-8.0	116.0	581.436	1241.102546	3.785976	1.506856	13.49
20240618	-8.75	115.25	691.639	1058.63984	3.057396	1.383449	13.33
20240618	-8.75	116.0	703.946	1071.97285	3.226053	1.503894	14.5
20240619	-8.0	115.25	474.175	1464.636685	3.939569	2.033496	14.68
20240619	-8.0	116.0	580.975	1229.58475	3.234659	1.432068	15.06
20240619	-8.75	115.25	856.074	775.551763	2.004354	0.903426	12.61
20240619	-8.75	116.0	782.238	848.411864	2.257	1.091359	12.27
20240620	-8.0	115.25	514.471	1352.034031	3.487598	1.842994	11.58
20240620	-8.0	116.0	574.604	1264.488935	3.146518	1.398152	12.68
20240620	-8.75	115.25	818.323	818.794657	2.000009	0.898425	9.91
20240620	-8.75	116.0	745.68	916.94212	2.297103	1.105229	10.25
20240621	-8.0	115.25	371.919	1871.660227	5.02364	2.819348	12.79
20240621	-8.0	116.0	471.247	1527.879223	3.989021	1.833172	13.78
20240621	-8.75	115.25	793.549	850.032827	2.134041	0.993209	13.99
20240621	-8.75	116.0	765.007	897.498846	2.32375	1.103748	14.97
20240622	-8.0	115.25	356.586	1948.12079	4.761152	2.779361	20.45
20240622	-8.0	116.0	473.086	1495.459177	3.555373	1.662484	21.5
20240622	-8.75	115.25	741.505	930.049696	2.14509	1.111624	20.6
20240622	-8.75	116.0	760.099	917.747425	2.159073	1.076736	21.47
20240623	-8.0	115.25	347.57	1894.468165	4.536623	2.745713	22.95
20240623	-8.0	116.0	448.414	1485.899414	3.173052	1.730559	22.06
20240623	-8.75	115.25	812.901	774.997939	1.843721	1.010342	22.02
20240623	-8.75	116.0	824.776	758.55408	1.847627	1.062321	22.37
20240624	-8.0	115.25	316.446	2029.481807	5.040064	3.441728	18.53
20240624	-8.0	116.0	453.422	1447.620098	3.206152	1.929956	16.85
20240624	-8.75	115.25	735.769	855.066468	2.041066	1.236732	16.12
20240624	-8.75	116.0	699.159	907.401035	2.237804	1.362051	15.64
20240625	-8.0	115.25	313.148	2098.489851	5.427025	3.205373	10.74
20240625	-8.0	116.0	449.21	1466.107611	3.46641	1.775277	9.99
20240625	-8.75	115.25	661.002	971.928224	2.453167	1.213991	8.91
20240625	-8.75	116.0	619.593	1041.126836	2.740075	1.433708	10.11
20240626	-8.0	115.25	341.332	1798.962008	4.828657	2.672288	16.55
20240626	-8.0	116.0	417.918	1467.762575	3.653987	1.697959	15.34
20240626	-8.75	115.25	522.71	1153.726732	3.181854	1.570588	14.32
20240626	-8.75	116.0	492.718	1234.729399	3.610806	1.819844	16.34
20240627	-8.0	115.25	366.815	1692.076933	4.602339	2.681443	12.33
20240627	-8.0	116.0	479.205	1276.159055	3.253883	1.560473	10.46
20240627	-8.75	115.25	353.989	1745.653679	4.82454	2.699983	12.61
20240627	-8.75	116.0	361.916	1710.777915	4.973972	3.029134	13.26
20240628	-8.0	115.25	359.545	1684.364405	4.710014	2.738745	28.79
20240628	-8.0	116.0	395.238	1507.831737	3.725226	1.748968	25.69
20240628	-8.75	115.25	353.772	1725.856201	4.829537	2.824464	25.59
20240628	-8.75	116.0	398.131	1567.06687	4.483886	2.694467	30.06
20240629	-8.0	115.25	269.21	2322.951228	5.772497	2.956303	11.89
20240629	-8.0	116.0	407.554	1557.284679	3.605196	1.672896	11.68
20240629	-8.75	115.25	483.436	1276.133966	2.957692	1.255405	10.39
20240629	-8.75	116.0	557.561	1116.9429	2.618707	1.154902	11.27
20240630	-8.0	115.25	319.933	1778.788059	4.481354	2.737558	15.56
20240630	-8.0	116.0	488.842	1170.949918	2.761813	1.629891	13.93
20240630	-8.75	115.25	636.335	887.338587	2.086036	1.054706	14.47
20240630	-8.75	116.0	730.704	768.977178	1.872895	1.030949	16.08
20240701	-8.0	115.25	310.389	1792.316416	4.745568	2.805189	16.12
20240701	-8.0	116.0	468.355	1205.313277	2.88381	1.583213	16.18
20240701	-8.75	115.25	612.61	904.265683	2.190416	1.08862	13.65
20240701	-8.75	116.0	621.722	901.724887	2.245052	1.161847	14.86
20240702	-8.0	115.25	288.502	2033.719697	5.485088	3.094866	12.79
20240702	-8.0	116.0	407.598	1441.436415	3.500029	1.73344	12.39
20240702	-8.75	115.25	581.768	999.398042	2.493398	1.178676	11.65
20240702	-8.75	116.0	569.327	1023.591363	2.692391	1.335217	12.75
20240703	-8.0	115.25	418.323	1373.319182	3.584111	2.030923	20.56
20240703	-8.0	116.0	448.847	1263.432083	3.026481	1.421685	18.83
20240703	-8.75	115.25	568.623	1018.360495	2.592612	1.365043	18.71
20240703	-8.75	116.0	527.836	1097.911283	2.887761	1.524961	19.58
20240704	-8.0	115.25	414.631	1423.577832	3.380514	2.15306	13.29
20240704	-8.0	116.0	504.147	1170.534983	2.435831	1.418327	11.8
20240704	-8.75	115.25	853.571	695.202039	1.550026	0.870171	13.81
20240704	-8.75	116.0	801.108	739.402053	1.692361	0.962933	13.32
20240705	-8.0	115.25	406.781	1419.029404	3.437127	2.080053	12.24
20240705	-8.0	116.0	453.265	1251.863921	2.749286	1.445189	11.3
20240705	-8.75	115.25	794.505	728.427134	1.740141	0.849034	14.62
20240705	-8.75	116.0	730.661	786.204957	1.924441	0.97094	14.37
20240706	-8.0	115.25	368.118	1520.975883	4.33492	2.401264	20.25
20240706	-8.0	116.0	490.027	1139.905148	2.949697	1.416672	18.87
20240706	-8.75	115.25	604.15	944.785235	2.607068	1.281425	19.35
20240706	-8.75	116.0	573.681	1001.108107	2.8429	1.453908	19.54
20240707	-8.0	115.25	313.587	1870.721682	5.546301	3.408725	15.32
20240707	-8.0	116.0	427.512	1371.881257	3.49226	1.802368	12.89
20240707	-8.75	115.25	602.139	971.90848	2.712211	1.433527	14.1
20240707	-8.75	116.0	586.082	1005.394126	2.834032	1.507017	14.26
20240708	-8.0	115.25	350.02	1780.31941	4.641792	2.632635	16.7
20240708	-8.0	116.0	411.785	1526.238207	3.454317	1.645538	13.69
20240708	-8.75	115.25	707.642	857.049186	2.184615	1.024331	17.96
20240708	-8.75	116.0	706.918	873.610376	2.227398	1.076482	18.67
20240709	-8.0	115.25	309.963	2037.639331	5.293154	2.810063	19.9
20240709	-8.0	116.0	355.343	1776.820987	4.20151	1.90264	17.71
20240709	-8.75	115.25	628.163	1004.221038	2.455208	1.076295	19.29
20240709	-8.75	116.0	643.036	981.833365	2.49652	1.142955	19.71
20240710	-8.0	115.25	327.275	1819.261477	4.843107	2.526922	25.57
20240710	-8.0	116.0	406.944	1469.428963	3.445172	1.583584	25.34
20240710	-8.75	115.25	665.202	883.713519	2.205402	0.900296	21.87
20240710	-8.75	116.0	694.905	846.379721	2.166581	0.941978	22.52
20240711	-8.0	115.25	378.239	1608.792324	3.920833	2.407612	17.79
20240711	-8.0	116.0	522.017	1165.110906	2.541283	1.41419	16.28
20240711	-8.75	115.25	814.418	749.176835	1.716677	0.860459	17.16
20240711	-8.75	116.0	813.746	751.681483	1.776438	0.940205	17.22
20240712	-8.0	115.25	443.726	1395.422175	3.519963	2.198615	12.0
20240712	-8.0	116.0	526.544	1175.657305	2.608528	1.425659	9.45
20240712	-8.75	115.25	789.812	789.966979	1.844909	1.017628	11.53
20240712	-8.75	116.0	778.963	806.334576	1.934614	1.108135	11.99
20240713	-8.0	115.25	427.623	1453.792242	3.716781	2.172978	12.26
20240713	-8.0	116.0	638.149	969.339762	2.259454	1.154258	10.9
20240713	-8.75	115.25	934.324	666.146005	1.569903	0.712248	11.1
20240713	-8.75	116.0	882.038	702.291511	1.710181	0.838862	12.09
20240714	-8.0	115.25	425.53	1416.027777	3.59228	2.057646	8.59
20240714	-8.0	116.0	684.195	883.776701	1.973807	1.004847	6.66
20240714	-8.75	115.25	949.749	633.835045	1.519342	0.72705	8.24
20240714	-8.75	116.0	730.965	823.12792	2.013095	1.042716	8.19
20240715	-8.0	115.25	420.463	1472.575233	3.538963	2.03121	8.76
20240715	-8.0	116.0	624.28	1000.101397	2.197291	1.121313	8.04
20240715	-8.75	115.25	950.978	646.522107	1.484749	0.685192	6.9
20240715	-8.75	116.0	835.958	740.090531	1.751556	0.872368	7.45
20240716	-8.0	115.25	455.177	1361.531009	3.265756	1.872721	10.03
20240716	-8.0	116.0	703.542	883.536164	1.914498	0.9403	8.59
20240716	-8.75	115.25	921.716	671.619458	1.612196	0.78187	11.05
20240716	-8.75	116.0	744.536	829.939587	2.005993	1.015069	11.66
20240717	-8.0	115.25	548.745	1153.309825	2.616811	1.37644	14.87
20240717	-8.0	116.0	758.984	825.893168	1.804528	0.803423	14.26
20240717	-8.75	115.25	671.646	943.123163	2.281251	1.242856	15.26
20240717	-8.75	116.0	657.32	958.782176	2.349194	1.294029	16.39
20240718	-8.0	115.25	439.12	1416.270496	3.553516	2.053916	16.33
20240718	-8.0	116.0	530.451	1171.372097	2.700881	1.375045	15.8
20240718	-8.75	115.25	551.771	1139.7346	2.935906	1.724383	16.79
20240718	-8.75	116.0	612.068	1051.553259	2.84958	1.798096	17.77
20240719	-8.0	115.25	446.015	1400.999966	3.31844	2.126078	16.86
20240719	-8.0	116.0	590.39	1064.232965	2.225024	1.171877	14.99
20240719	-8.75	115.25	849.127	714.56861	1.665071	0.873744	15.14
20240719	-8.75	116.0	777.135	786.379201	1.863653	1.005605	15.03
20240720	-8.0	115.25	555.453	1078.237043	2.73237	1.462406	16.18
20240720	-8.0	116.0	562.487	1076.507902	2.447175	1.073422	12.91
20240720	-8.75	115.25	842.513	683.017117	1.760016	0.786226	15.35
20240720	-8.75	116.0	814.537	721.764266	1.878378	0.848642	16.09
20240721	-8.0	115.25	431.015	1413.271	3.401058	2.146315	17.43
20240721	-8.0	116.0	484.429	1257.016818	2.691104	1.528767	16.27
20240721	-8.75	115.25	789.375	761.693238	1.784562	0.953751	16.56
20240721	-8.75	116.0	762.26	796.805814	1.892483	1.102995	17.22
20240722	-8.0	115.25	338.565	1789.931328	4.341341	2.927809	14.97
20240722	-8.0	116.0	450.292	1361.04239	2.953155	1.862127	13.76
20240722	-8.75	115.25	630.094	961.180078	2.204838	1.324105	14.43
20240722	-8.75	116.0	654.773	936.821311	2.232051	1.440216	15.13
20240723	-8.0	115.25	357.75	1735.000978	4.165884	2.590256	12.8
20240723	-8.0	116.0	442.841	1424.288627	3.119257	1.714814	11.49
20240723	-8.75	115.25	639.604	963.50101	2.211822	1.201969	12.06
20240723	-8.75	116.0	631.481	988.235275	2.473802	1.469578	13.4
20240724	-8.0	115.25	375.539	1668.563052	4.214984	2.917393	15.23
20240724	-8.0	116.0	498.339	1318.377851	2.875789	1.761825	16.38
20240724	-8.75	115.25	576.401	1079.774324	2.611687	1.489474	13.72
20240724	-8.75	116.0	642.287	991.767076	2.467095	1.518479	16.63
20240725	-8.0	115.25	359.22	1774.928456	4.371472	2.997456	17.9
20240725	-8.0	116.0	414.595	1595.580265	3.410837	2.063923	18.44
20240725	-8.75	115.25	597.856	1035.644704	2.477202	1.430614	15.85
20240725	-8.75	116.0	622.416	1033.142464	2.489989	1.533362	18.32
20240726	-8.0	115.25	332.921	1933.416636	4.557129	2.625651	15.99
20240726	-8.0	116.0	428.986	1522.691883	3.149746	1.625056	13.72
20240726	-8.75	115.25	614.733	1038.466619	2.273091	1.155944	15.13
20240726	-8.75	116.0	703.168	915.101085	2.028141	1.03537	15.88
20240727	-8.0	115.25	337.247	1941.764048	4.128363	2.18251	13.1
20240727	-8.0	116.0	442.875	1484.943156	2.893654	1.397949	12.72
20240727	-8.75	115.25	611.107	1056.42858	2.141908	0.956117	11.13
20240727	-8.75	116.0	645.594	1005.970316	2.062944	0.954854	11.72
20240728	-8.0	115.25	332.706	1922.895589	4.133211	1.952485	11.66
20240728	-8.0	116.0	448.667	1426.348495	2.83508	1.336768	10.63
20240728	-8.75	115.25	501.097	1270.636025	2.540358	1.03405	10.94
20240728	-8.75	116.0	558.167	1134.514939	2.346658	1.051228	11.02
20240729	-8.0	115.25	316.083	1912.853902	4.552488	2.29592	8.91
20240729	-8.0	116.0	373.232	1610.48999	3.468063	1.686462	8.78
20240729	-8.75	115.25	385.49	1549.114893	3.46189	1.450128	8.44
20240729	-8.75	116.0	473.906	1262.901926	2.97842	1.445592	9.69
20240730	-8.0	115.25	278.799	2067.1473	5.511006	2.811772	14.78
20240730	-8.0	116.0	381.489	1490.84718	3.597299	1.63146	13.52
20240730	-8.75	115.25	281.06	2079.418985	5.172547	2.283626	11.85
20240730	-8.75	116.0	358.367	1643.001169	4.367408	2.122119	15.01
20240731	-8.0	115.25	313.899	1967.625892	4.718562	2.949205	15.84
20240731	-8.0	116.0	414.54	1484.769624	3.162226	1.670021	14.14
20240731	-8.75	115.25	317.717	1962.403019	4.625207	2.557618	15.83
20240731	-8.75	116.0	316.344	2017.74271	4.98843	3.01897	19.38
20240801	-8.0	115.25	465.75	1321.609877	3.327596	2.238179	20.4
20240801	-8.0	116.0	526.461	1141.13885	2.674162	1.504578	15.15
20240801	-8.75	115.25	341.599	1838.157606	4.465517	2.887623	23.2
20240801	-8.75	116.0	329.164	1949.657314	5.19764	3.540995	23.21
20240802	-8.0	115.25	472.911	1380.345139	3.591526	2.493653	18.17
20240802	-8.0	116.0	533.026	1202.650715	2.889313	1.643417	12.86
20240802	-8.75	115.25	380.229	1800.711413	4.765728	3.044176	16.49
20240802	-8.75	116.0	362.477	1986.777092	5.639925	3.816286	18.34
20240803	-8.0	115.25	310.594	2174.9245	5.345313	3.700825	9.4
20240803	-8.0	116.0	411.901	1712.748452	3.929061	2.446219	8.47
20240803	-8.75	115.25	371.945	1826.483754	4.398059	2.57934	6.41
20240803	-8.75	116.0	427.146	1632.761632	4.136621	2.61055	8.08
20240804	-8.0	115.25	303.046	2019.998284	5.204662	2.939099	9.64
20240804	-8.0	116.0	507.244	1361.220044	3.279489	1.851042	12.22
20240804	-8.75	115.25	569.069	1058.039535	2.513175	1.168737	8.29
20240804	-8.75	116.0	610.603	996.106144	2.491727	1.283995	9.35
20240805	-8.0	115.25	380.072	1653.794018	4.704235	2.618385	9.31
20240805	-8.0	116.0	486.545	1355.215037	3.724811	1.783068	10.31
20240805	-8.75	115.25	618.811	998.150001	2.599217	1.209517	9.02
20240805	-8.75	116.0	587.082	1078.902266	2.985195	1.53723	10.01
20240806	-8.0	115.25	367.824	1701.600494	4.939702	2.417132	11.74
20240806	-8.0	116.0	474.381	1375.401418	4.053236	1.645556	13.5
20240806	-8.75	115.25	663.176	944.234411	2.493136	1.000311	10.82
20240806	-8.75	116.0	689.876	904.004343	2.509354	1.036058	11.76
20240807	-8.0	115.25	382.75	1677.187198	4.03995	2.467092	12.08
20240807	-8.0	116.0	406.518	1602.927546	3.620009	1.917726	12.35
20240807	-8.75	115.25	678.638	934.498952	2.083933	1.060894	11.0
20240807	-8.75	116.0	694.739	926.111964	2.108448	1.138908	11.52
20240808	-8.0	115.25	342.421	1872.640113	4.134376	2.495026	14.03
20240808	-8.0	116.0	423.973	1489.657832	2.980324	1.615809	12.05
20240808	-8.75	115.25	706.794	910.818428	1.922931	0.904797	14.55
20240808	-8.75	116.0	690.736	919.158694	2.013467	1.007228	14.88
20240809	-8.0	115.25	392.566	1536.098898	3.803455	2.221332	11.46
20240809	-8.0	116.0	471.751	1283.311323	2.787242	1.439474	9.04
20240809	-8.75	115.25	756.787	799.188411	1.912287	0.919785	11.57
20240809	-8.75	116.0	714.97	851.370407	2.08221	1.09413	11.56
20240810	-8.0	115.25	458.677	1424.244948	3.413127	2.076703	11.32
20240810	-8.0	116.0	513.037	1290.468524	2.718812	1.522136	10.01
20240810	-8.75	115.25	805.334	808.317667	1.852156	0.976641	10.32
20240810	-8.75	116.0	788.847	836.460429	1.928049	1.060442	10.51
20240811	-8.0	115.25	416.483	1543.790023	3.670517	2.204807	7.64
20240811	-8.0	116.0	609.759	1078.967428	2.27798	1.216897	6.49
20240811	-8.75	115.25	962.087	688.387433	1.475822	0.72349	6.68
20240811	-8.75	116.0	836.214	807.372754	1.767063	0.961912	7.5
20240812	-8.0	115.25	316.207	2074.377544	4.883339	3.119024	12.9
20240812	-8.0	116.0	424.043	1559.978115	3.246874	1.775789	11.52
20240812	-8.75	115.25	594.376	1129.934082	2.463321	1.310015	12.85
20240812	-8.75	116.0	623.025	1089.382609	2.484167	1.429427	14.06
20240813	-8.0	115.25	345.695	1907.371527	4.240417	2.394329	14.49
20240813	-8.0	116.0	474.008	1420.647753	2.785742	1.383528	12.77
20240813	-8.75	115.25	658.013	1009.456348	2.076132	0.946459	11.94
20240813	-8.75	116.0	666.12	1006.45079	2.122397	1.031421	11.87
20240814	-8.0	115.25	399.308	1589.372364	3.474153	2.143089	10.86
20240814	-8.0	116.0	520.974	1235.234388	2.379927	1.298737	9.73
20240814	-8.75	115.25	821.935	765.124128	1.573356	0.799957	9.69
20240814	-8.75	116.0	779.157	809.551092	1.709571	0.968437	10.17
20240815	-8.0	115.25	385.01	1617.289421	3.625955	2.22776	8.91
20240815	-8.0	116.0	575.904	1093.790979	2.135345	1.297483	8.3
20240815	-8.75	115.25	823.971	750.166693	1.616029	0.840752	8.03
20240815	-8.75	116.0	743.089	833.017176	1.850357	1.075226	8.76
20240816	-8.0	115.25	324.53	1936.6225	4.289157	2.866791	9.1
20240816	-8.0	116.0	546.934	1178.066275	2.321161	1.484358	9.21
20240816	-8.75	115.25	707.887	883.170054	1.844373	1.041508	6.9
20240816	-8.75	116.0	698.223	909.941809	1.964223	1.255131	7.81
20240817	-8.0	115.25	289.282	2186.682545	4.87648	3.084813	9.03
20240817	-8.0	116.0	507.446	1277.848677	2.531763	1.512027	8.94
20240817	-8.75	115.25	655.349	967.627325	2.032514	1.079162	6.81
20240817	-8.75	116.0	640.388	1006.115043	2.187266	1.290678	8.02
20240818	-8.0	115.25	336.57	1962.950352	4.408646	2.440636	9.06
20240818	-8.0	116.0	539.844	1273.922466	2.572225	1.40387	11.22
20240818	-8.75	115.25	664.042	995.596363	2.096696	0.953294	7.84
20240818	-8.75	116.0	689.232	985.823641	2.131567	1.077927	9.17
20240819	-8.0	115.25	304.975	2208.285597	4.871019	2.455747	9.44
20240819	-8.0	116.0	534.477	1309.38394	2.510014	1.209461	9.06
20240819	-8.75	115.25	748.105	885.549889	1.814299	0.746906	8.5
20240819	-8.75	116.0	724.36	934.923381	1.968052	0.902563	9.79
20240820	-8.0	115.25	344.632	2051.16414	4.396252	2.235673	10.49
20240820	-8.0	116.0	492.908	1478.365943	2.778411	1.343117	10.99
20240820	-8.75	115.25	711.259	971.914591	1.99325	0.783959	9.41
20240820	-8.75	116.0	721.942	980.412138	2.030443	0.91844	11.54
20240821	-8.0	115.25	343.126	1976.183385	4.124558	2.51905	9.29
20240821	-8.0	116.0	494.933	1382.515613	2.59897	1.464327	7.09
20240821	-8.75	115.25	650.545	1033.334973	2.045104	1.003158	8.63
20240821	-8.75	116.0	691.363	968.714843	2.006697	1.089465	9.1
20240822	-8.0	115.25	313.604	2092.29506	4.623056	2.73612	14.51
20240822	-8.0	116.0	397.671	1676.930176	3.30872	1.883272	12.96
20240822	-8.75	115.25	582.091	1114.28969	2.292836	1.122962	12.2
20240822	-8.75	116.0	618.549	1054.339915	2.277744	1.279509	12.91
20240823	-8.0	115.25	320.197	2057.694794	4.779102	2.660251	13.24
20240823	-8.0	116.0	440.017	1522.478222	3.409393	1.854387	16.45
20240823	-8.75	115.25	522.843	1246.969358	2.671125	1.222654	11.19
20240823	-8.75	116.0	617.238	1063.554253	2.439827	1.209722	12.58
20240824	-8.0	115.25	388.736	1689.844522	3.893493	2.34	10.95
20240824	-8.0	116.0	518.423	1307.034796	3.038986	1.684369	11.16
20240824	-8.75	115.25	633.429	1019.196942	2.206123	1.083122	10.73
20240824	-8.75	116.0	731.46	889.257923	2.052082	1.030622	11.28
20240825	-8.0	115.25	325.804	2022.619428	4.692413	2.919429	9.03
20240825	-8.0	116.0	460.978	1463.163535	3.594955	1.910306	9.21
20240825	-8.75	115.25	681.533	966.725309	2.02966	1.089381	9.6
20240825	-8.75	116.0	767.08	864.080409	1.962421	1.059086	10.11
20240826	-8.0	115.25	283.692	2235.975636	4.914379	2.891979	7.29
20240826	-8.0	116.0	479.216	1351.66209	2.933794	1.665053	5.64
20240826	-8.75	115.25	439.343	1444.680352	2.94457	1.495017	6.57
20240826	-8.75	116.0	638.127	998.25834	2.138863	1.158359	6.52
20240827	-8.0	115.25	303.924	2169.756255	4.680723	2.590247	12.36
20240827	-8.0	116.0	531.06	1268.349904	2.622092	1.596529	13.39
20240827	-8.75	115.25	523.565	1279.71484	2.560538	1.209469	12.4
20240827	-8.75	116.0	663.659	1012.099889	2.093144	1.106455	12.12
20240828	-8.0	115.25	292.672	2317.035794	4.911126	4.364801	16.07
20240828	-8.0	116.0	464.18	1502.853203	3.05073	2.813012	13.72
20240828	-8.75	115.25	500.654	1337.336564	2.673665	2.175948	14.91
20240828	-8.75	116.0	633.49	1068.060427	2.279461	2.013369	13.37
20240829	-8.0	115.25	315.029	2270.913154	4.793111	3.643271	12.16
20240829	-8.0	116.0	547.071	1381.54225	2.914375	2.072183	12.85
20240829	-8.75	115.25	462.457	1530.757454	2.974309	2.104548	11.16
20240829	-8.75	116.0	662.787	1079.292442	2.218159	1.485259	10.63
20240830	-8.0	115.25	288.017	2479.277265	5.474014	3.314649	15.58
20240830	-8.0	116.0	446.566	1646.675743	3.39905	2.04715	14.89
20240830	-8.75	115.25	388.113	1821.690332	3.728234	1.846394	13.61
20240830	-8.75	116.0	562.41	1275.867428	2.810476	1.559145	14.31
20240831	-8.0	115.25	354.765	1903.189153	4.424543	2.432386	7.27
20240831	-8.0	116.0	480.859	1443.03798	3.07314	1.844876	6.87
20240831	-8.75	115.25	464.859	1458.914424	3.212845	1.419888	6.68
20240831	-8.75	116.0	617.661	1090.051663	2.527419	1.327469	7.07
20240901	-8.0	115.25	337.991	1941.146066	4.137051	2.379831	7.44
20240901	-8.0	116.0	512.786	1361.66822	2.68636	1.649048	7.38
20240901	-8.75	115.25	531.213	1230.723081	2.458392	1.166993	6.66
20240901	-8.75	116.0	691.14	949.706716	2.00037	1.084569	7.42
20240902	-8.0	115.25	387.343	1849.039224	4.008858	2.789303	10.85
20240902	-8.0	116.0	405.335	1885.613628	3.764656	2.3882	11.35
20240902	-8.75	115.25	587.278	1169.341096	2.467806	1.44964	9.54
20240902	-8.75	116.0	632.536	1112.418582	2.512488	1.624077	10.17
20240903	-8.0	115.25	323.511	2225.69619	5.427596	3.563814	11.31
20240903	-8.0	116.0	352.474	2027.269529	4.452467	2.61889	10.73
20240903	-8.75	115.25	509.0	1438.984479	3.27978	1.86556	9.79
20240903	-8.75	116.0	609.394	1211.157642	2.94061	1.799665	11.08
20240904	-8.0	115.25	305.535	2019.589245	5.306325	3.40812	11.91
20240904	-8.0	116.0	393.194	1616.867501	4.021648	2.432649	10.49
20240904	-8.75	115.25	409.316	1531.546776	3.841809	2.100725	9.81
20240904	-8.75	116.0	576.79	1114.883753	3.005565	1.86231	10.84
20240905	-8.0	115.25	326.352	1899.711048	4.85398	3.144635	12.38
20240905	-8.0	116.0	506.027	1348.18814	3.286072	2.184219	14.78
20240905	-8.75	115.25	584.201	1038.961077	2.520136	1.373695	11.11
20240905	-8.75	116.0	728.344	845.814615	2.104436	1.253692	12.11
20240906	-8.0	115.25	371.502	1868.918337	4.443486	2.948926	13.39
20240906	-8.0	116.0	412.14	1747.432183	4.040404	2.379121	15.91
20240906	-8.75	115.25	687.994	973.078544	2.146144	1.240793	13.45
20240906	-8.75	116.0	774.726	879.978599	2.093588	1.256094	15.16
20240907	-8.0	115.25	323.182	1960.509249	5.017464	3.226219	18.8
20240907	-8.0	116.0	338.815	1915.266148	4.701409	2.646721	20.24
20240907	-8.75	115.25	663.503	917.919587	2.184531	1.215781	16.6
20240907	-8.75	116.0	690.029	902.030639	2.416691	1.368279	18.01
20240908	-8.0	115.25	314.798	2264.632876	5.760354	3.869485	23.95
20240908	-8.0	116.0	340.85	2080.079214	4.977377	2.869625	22.12
20240908	-8.75	115.25	435.863	1626.493417	3.966125	2.375841	17.46
20240908	-8.75	116.0	535.272	1364.369517	3.67822	2.331024	20.28
20240909	-8.0	115.25	277.834	2096.636121	5.572669	4.116458	11.43
20240909	-8.0	116.0	384.151	1564.934362	3.881497	2.933654	10.85
20240909	-8.75	115.25	380.776	1529.810177	3.843745	2.344511	8.62
20240909	-8.75	116.0	503.261	1138.740336	3.035491	2.048698	10.14
20240910	-8.0	115.25	292.102	2125.598935	5.740033	4.469699	14.05
20240910	-8.0	116.0	401.583	1766.520744	4.118586	3.107138	13.62
20240910	-8.75	115.25	408.487	1486.01204	3.631337	2.531978	10.95
20240910	-8.75	116.0	501.075	1286.217233	3.301967	2.556527	12.77
20240911	-8.0	115.25	334.812	2282.685507	5.010582	3.535614	10.9
20240911	-8.0	116.0	545.757	1587.042402	3.264658	2.179413	11.48
20240911	-8.75	115.25	578.502	1231.41493	2.451502	1.509947	9.91
20240911	-8.75	116.0	731.377	995.165968	2.113496	1.363996	10.6
20240912	-8.0	115.25	325.229	2226.203998	4.857685	2.903105	11.99
20240912	-8.0	116.0	530.703	1447.332124	3.19018	1.796625	12.93
20240912	-8.75	115.25	553.661	1273.779443	2.486861	1.198731	11.8
20240912	-8.75	116.0	714.427	988.11859	2.059882	1.075617	12.01
20240913	-8.0	115.25	312.658	2486.261346	5.338383	3.359105	5.45
20240913	-8.0	116.0	532.322	1518.231259	3.420467	1.914106	5.39
20240913	-8.75	115.25	454.088	1715.899782	3.176701	1.757956	5.28
20240913	-8.75	116.0	651.507	1189.553758	2.367869	1.361809	6.35
20240914	-8.0	115.25	285.562	2850.443686	5.091017	4.042961	12.7
20240914	-8.0	116.0	495.166	1660.071572	2.865393	1.985088	12.87
20240914	-8.75	115.25	529.892	1512.030376	2.421261	1.593801	11.85
20240914	-8.75	116.0	741.64	1081.322879	1.87303	1.231625	12.76
20240915	-8.0	115.25	296.855	2847.867141	4.937131	4.196389	13.19
20240915	-8.0	116.0	500.214	1722.012579	2.806223	2.302513	12.6
20240915	-8.75	115.25	545.618	1498.590039	2.406251	1.754246	11.94
20240915	-8.75	116.0	704.884	1164.290011	1.968981	1.50732	13.86
20240916	-8.0	115.25	316.88	2781.271775	4.576322	4.146122	16.17
20240916	-8.0	116.0	541.495	1689.312921	2.623599	2.364079	15.78
20240916	-8.75	115.25	473.216	1841.734853	2.815264	1.930481	12.65
20240916	-8.75	116.0	683.183	1297.915785	2.102303	1.575909	13.49
20240917	-8.0	115.25	286.112	3097.525445	5.123291	3.933928	10.92
20240917	-8.0	116.0	546.951	1675.861457	2.585283	2.006271	12.63
20240917	-8.75	115.25	408.219	2172.64483	3.296233	2.104687	10.12
20240917	-8.75	116.0	650.849	1368.204607	2.203583	1.510182	11.46
20240918	-8.0	115.25	293.35	2930.617692	5.126511	4.091754	10.14
20240918	-8.0	116.0	442.41	2024.367668	3.265444	2.500974	10.84
20240918	-8.75	115.25	308.498	2845.696244	4.550746	2.96778	9.14
20240918	-8.75	116.0	489.988	1829.249084	3.007198	2.058183	10.91
20240919	-8.0	115.25	324.279	2527.328936	4.532742	3.510366	24.71
20240919	-8.0	116.0	440.766	1909.555864	3.084725	2.148421	22.48
20240919	-8.75	115.25	260.425	3169.326678	5.453697	3.339129	21.33
20240919	-8.75	116.0	397.633	2199.349903	4.121393	3.110577	27.39
20240920	-8.0	115.25	396.727	1948.748384	3.3957	3.520494	16.26
20240920	-8.0	116.0	489.1	1570.695768	2.535651	2.249722	12.77
20240920	-8.75	115.25	274.165	2950.997027	5.335601	4.707866	17.5
20240920	-8.75	116.0	366.292	2356.168303	4.507164	4.525185	23.33
20240921	-8.0	115.25	350.426	2189.102692	3.900846	4.64469	25.2
20240921	-8.0	116.0	423.183	1801.593164	2.958285	2.925018	22.32
20240921	-8.75	115.25	248.426	3286.952654	5.880677	6.759534	32.64
20240921	-8.75	116.0	333.303	2664.890505	4.943868	5.625245	35.9
20240922	-8.0	115.25	375.797	2036.95426	4.104341	3.951327	19.72
20240922	-8.0	116.0	424.742	1797.614787	3.423951	2.859696	14.23
20240922	-8.75	115.25	293.641	2800.722311	5.618551	5.950777	28.65
20240922	-8.75	116.0	361.938	2506.45967	5.45379	5.403265	27.59
20240923	-8.0	115.25	313.039	2526.830523	4.890854	4.784276	25.87
20240923	-8.0	116.0	435.52	1828.410865	3.263214	2.682054	20.79
20240923	-8.75	115.25	229.156	3748.106094	7.053418	7.398384	29.09
20240923	-8.75	116.0	347.13	2661.452482	5.378123	5.715185	36.75
20240924	-8.0	115.25	269.236	2930.401209	6.163188	5.363532	17.49
20240924	-8.0	116.0	473.475	1775.021068	3.236251	2.732421	11.75
20240924	-8.75	115.25	273.111	2947.388424	5.354017	4.859039	11.44
20240924	-8.75	116.0	505.04	1636.375931	3.122238	2.654976	12.92
20240925	-8.0	115.25	250.809	3092.824819	6.782285	5.087856	11.55
20240925	-8.0	116.0	407.142	2117.80509	3.761747	2.568146	9.28
20240925	-8.75	115.25	284.358	2718.43908	5.266298	3.578999	6.44
20240925	-8.75	116.0	478.595	1626.519082	3.28661	2.247424	7.82
20240926	-8.0	115.25	213.916	3975.124348	8.325282	5.935283	19.16
20240926	-8.0	116.0	367.09	2510.777466	4.752249	2.851805	20.67
20240926	-8.75	115.25	462.507	1814.899018	3.808907	2.28723	14.4
20240926	-8.75	116.0	452.122	1907.22106	3.966102	2.642046	17.02
20240927	-8.0	115.25	291.243	3371.419056	8.509574	5.019334	24.78
20240927	-8.0	116.0	385.673	2577.316016	5.108628	3.125518	12.09
20240927	-8.75	115.25	471.033	1998.962493	4.182845	2.656941	10.83
20240927	-8.75	116.0	489.145	1971.78444	4.28284	2.881348	12.19
20240928	-8.0	115.25	326.084	2696.701463	5.91915	3.726788	15.05
20240928	-8.0	116.0	404.34	2152.164762	4.487379	2.46928	11.46
20240928	-8.75	115.25	570.816	1535.910346	3.153841	1.792783	11.3
20240928	-8.75	116.0	620.202	1422.054911	3.053304	1.828027	13.04
20240929	-8.0	115.25	294.715	2685.999355	7.003532	3.480875	27.35
20240929	-8.0	116.0	419.353	1928.693249	3.965535	2.029538	21.2
20240929	-8.75	115.25	633.816	1234.212926	2.523377	1.149403	16.12
20240929	-8.75	116.0	700.829	1133.530861	2.412293	1.158072	17.07
20240930	-8.0	115.25	258.315	3363.895631	7.581352	4.064894	23.16
20240930	-8.0	116.0	384.703	2322.385321	4.034255	2.512422	16.91
20240930	-8.75	115.25	532.646	1608.479178	2.804046	1.399255	11.2
20240930	-8.75	116.0	620.584	1415.081601	2.560715	1.436051	12.43
20241001	-8.0	115.25	233.79	3888.182985	7.92311	5.212699	29.1
20241001	-8.0	116.0	395.475	2310.69701	3.78454	2.639745	26.43
20241001	-8.75	115.25	360.537	2514.83648	4.059614	2.483394	17.42
20241001	-8.75	116.0	501.852	1815.9286	3.14734	2.077939	21.79
20241002	-8.0	115.25	394.598	2251.837566	5.542988	2.882083	28.87
20241002	-8.0	116.0	482.39	1860.744211	3.728552	1.95917	19.05
20241002	-8.75	115.25	373.122	2458.469616	4.805364	2.671375	18.85
20241002	-8.75	116.0	516.504	1843.171011	4.003413	2.530838	19.17
20241003	-8.0	115.25	267.359	3432.426812	7.344312	4.269226	29.41
20241003	-8.0	116.0	395.279	2425.469858	4.228851	2.536057	23.06
20241003	-8.75	115.25	520.396	1809.36825	3.176124	1.768589	18.5
20241003	-8.75	116.0	670.039	1407.194507	2.558594	1.505057	19.29
20241004	-8.0	115.25	301.125	3076.00797	6.587195	3.520794	22.13
20241004	-8.0	116.0	388.589	2494.382239	4.208104	2.376356	13.41
20241004	-8.75	115.25	570.815	1569.693859	2.785647	1.271592	14.54
20241004	-8.75	116.0	668.05	1385.773221	2.588309	1.346421	15.21
20241005	-8.0	115.25	302.704	3278.877055	6.466343	3.599424	23.99
20241005	-8.0	116.0	399.042	2601.57828	4.044351	2.352741	15.05
20241005	-8.75	115.25	581.928	1680.520442	2.751026	1.285755	15.91
20241005	-8.75	116.0	693.821	1432.438914	2.368043	1.240682	16.43
20241006	-8.0	115.25	388.424	2624.24567	5.881271	3.212299	24.08
20241006	-8.0	116.0	418.484	2541.370757	4.979137	2.757812	20.16
20241006	-8.75	115.25	626.263	1572.995211	2.611625	1.283381	14.39
20241006	-8.75	116.0	751.101	1307.434286	2.3514	1.223751	14.1
20241007	-8.0	115.25	346.755	2968.447463	7.818145	3.335652	22.71
20241007	-8.0	116.0	458.19	2414.205897	6.254397	2.634034	20.51
20241007	-8.75	115.25	575.791	1739.365499	3.305779	1.388733	14.3
20241007	-8.75	116.0	733.671	1386.729202	2.909897	1.263357	13.83
20241008	-8.0	115.25	335.953	3159.272279	7.028331	4.022581	20.94
20241008	-8.0	116.0	396.745	2809.051154	5.34345	3.235053	16.33
20241008	-8.75	115.25	547.057	1838.605484	3.264342	1.651189	14.62
20241008	-8.75	116.0	682.672	1467.143811	2.899384	1.596846	15.16
20241009	-8.0	115.25	308.707	3032.123988	6.851516	4.31825	12.14
20241009	-8.0	116.0	396.624	2476.108355	4.756603	2.989418	9.28
20241009	-8.75	115.25	497.764	1865.496902	3.404491	2.014794	5.67
20241009	-8.75	116.0	641.837	1466.197025	2.773566	1.812214	5.77
20241010	-8.0	115.25	317.26	2935.780748	5.189412	3.383462	14.76
20241010	-8.0	116.0	368.278	2747.937699	4.785165	2.95379	23.87
20241010	-8.75	115.25	511.833	1833.204776	3.041508	1.613896	11.24
20241010	-8.75	116.0	611.747	1547.494961	2.624806	1.567199	11.73
20241011	-8.0	115.25	253.241	3795.526791	12.111957	6.054936	41.77
20241011	-8.0	116.0	340.103	2946.69556	7.929568	4.148196	46.84
20241011	-8.75	115.25	562.585	1647.518686	3.710062	1.836515	16.69
20241011	-8.75	116.0	662.439	1442.891949	3.764701	1.879438	22.22
20241012	-8.0	115.25	294.007	4229.021758	11.877027	7.17702	67.77
20241012	-8.0	116.0	363.395	3374.003495	8.374961	5.105411	61.24
20241012	-8.75	115.25	486.556	2309.279918	4.744808	2.82469	26.14
20241012	-8.75	116.0	628.017	1858.435361	4.436003	2.66373	33.19
20241013	-8.0	115.25	282.515	4434.359238	9.654921	5.785799	32.0
20241013	-8.0	116.0	435.112	3009.808969	6.141809	3.787579	43.62
20241013	-8.75	115.25	470.922	2492.86506	4.558538	2.438625	16.95
20241013	-8.75	116.0	649.724	1824.106852	4.065061	2.278158	26.3
20241014	-8.0	115.25	294.992	3704.771655	8.856257	3.727294	29.27
20241014	-8.0	116.0	488.942	2322.449288	4.023782	2.421418	17.15
20241014	-8.75	115.25	517.585	2029.369089	3.287412	1.323637	12.01
20241014	-8.75	116.0	682.773	1498.120166	2.618794	1.210857	12.36
20241015	-8.0	115.25	258.098	3732.538028	6.818759	2.99252	19.18
20241015	-8.0	116.0	485.778	2002.263585	2.769496	1.604532	12.58
20241015	-8.75	115.25	462.582	2084.938022	3.056172	1.148244	8.23
20241015	-8.75	116.0	645.017	1484.346459	2.191584	0.982267	8.78
20241016	-8.0	115.25	349.569	2571.259751	5.033255	1.934646	17.67
20241016	-8.0	116.0	599.91	1506.771016	2.001457	1.139072	7.38
20241016	-8.75	115.25	542.574	1646.100071	2.237815	0.826345	6.26
20241016	-8.75	116.0	915.934	977.996122	1.324736	0.58011	6.91
20241017	-8.0	115.25	376.084	2374.458366	4.219996	1.966514	12.23
20241017	-8.0	116.0	647.326	1398.241999	1.995949	1.11318	7.01
20241017	-8.75	115.25	343.337	2659.01869	3.723132	1.555968	6.38
20241017	-8.75	116.0	940.597	965.927916	1.369465	0.641676	6.61
20241018	-8.0	115.25	327.181	2723.292306	4.575113	2.533884	12.68
20241018	-8.0	116.0	497.405	1840.134096	3.178418	1.662433	15.5
20241018	-8.75	115.25	590.509	1537.633635	2.43959	1.070185	10.78
20241018	-8.75	116.0	732.829	1238.577349	2.126918	0.995009	12.59
20241019	-8.0	115.25	262.924	3532.507873	6.245451	3.900941	13.01
20241019	-8.0	116.0	420.315	2295.269976	4.120845	2.15163	14.91
20241019	-8.75	115.25	555.693	1670.741399	2.797627	1.319921	9.6
20241019	-8.75	116.0	653.333	1429.192923	2.637869	1.348581	12.31
20241020	-8.0	115.25	329.061	2725.047332	4.807179	2.794809	11.38
20241020	-8.0	116.0	523.722	1787.143179	2.920836	1.46652	10.71
20241020	-8.75	115.25	453.292	1958.78661	3.125888	1.279513	9.54
20241020	-8.75	116.0	633.159	1419.677364	2.345905	1.055981	10.88
20241021	-8.0	115.25	329.424	2577.003193	6.609221	2.480469	27.56
20241021	-8.0	116.0	535.197	1612.519689	2.408541	1.137107	13.99
20241021	-8.75	115.25	418.322	2022.886676	2.986735	1.067162	13.42
20241021	-8.75	116.0	577.83	1504.570895	2.237925	0.911344	15.45
20241022	-8.0	115.25	333.798	2873.973781	5.853771	2.274843	17.3
20241022	-8.0	116.0	537.645	1812.156535	2.19751	1.091254	4.11
20241022	-8.75	115.25	330.288	2926.618285	3.51763	1.269383	4.74
20241022	-8.75	116.0	602.663	1632.318394	2.002365	0.835464	5.14
20241023	-8.0	115.25	335.094	2853.381738	5.025969	1.914054	22.1
20241023	-8.0	116.0	541.076	1753.40673	2.252569	1.093701	14.52
20241023	-8.75	115.25	339.536	2804.872237	3.381862	1.181355	11.87
20241023	-8.75	116.0	681.232	1395.333895	1.74105	0.743683	12.53
20241024	-8.0	115.25	333.562	3056.98191	7.010817	2.450204	32.93
20241024	-8.0	116.0	502.395	2041.349934	2.588111	1.488668	10.43
20241024	-8.75	115.25	345.9	2929.638624	3.575166	1.456036	10.54
20241024	-8.75	116.0	673.507	1524.733967	1.921652	0.956854	10.61
20241025	-8.0	115.25	325.736	3274.326448	5.608751	2.424975	20.74
20241025	-8.0	116.0	540.376	1935.028573	2.31001	1.368415	10.35
20241025	-8.75	115.25	356.936	2964.444606	3.352974	1.434879	10.04
20241025	-8.75	116.0	705.819	1482.108019	1.768924	0.878201	10.5
20241026	-8.0	115.25	287.307	3531.031266	6.549301	3.24297	29.05
20241026	-8.0	116.0	500.617	2007.370904	2.535301	1.906505	16.27
20241026	-8.75	115.25	492.948	2060.631142	2.437389	1.425919	16.48
20241026	-8.75	116.0	700.492	1459.387116	1.802059	1.25515	17.49
20241027	-8.0	115.25	272.013	4113.924702	5.555176	4.517512	14.9
20241027	-8.0	116.0	427.06	2660.307685	3.096478	2.952435	10.95
20241027	-8.75	115.25	403.289	2819.580995	3.182561	2.464234	8.5
20241027	-8.75	116.0	586.401	1940.919269	2.295939	1.900851	9.68
20241028	-8.0	115.25	282.609	3962.637425	5.188211	3.745574	10.81
20241028	-8.0	116.0	429.823	2676.364457	3.950812	2.640985	18.59
20241028	-8.75	115.25	350.64	3186.687201	3.89313	2.433714	9.63
20241028	-8.75	116.0	617.002	1810.725087	2.347569	1.566705	11.16
20241029	-8.0	115.25	324.274	3352.140474	5.691699	2.439817	25.0
20241029	-8.0	116.0	484.454	2282.835935	3.257073	1.629345	16.17
20241029	-8.75	115.25	480.891	2194.484821	2.557424	1.096085	15.16
20241029	-8.75	116.0	621.081	1684.355181	2.126824	0.955393	13.41
20241030	-8.0	115.25	274.873	3710.42627	6.997362	3.588838	18.07
20241030	-8.0	116.0	402.543	2589.037693	5.07975	2.525422	23.98
20241030	-8.75	115.25	410.34	2438.32919	4.155266	1.800534	14.57
20241030	-8.75	116.0	473.611	2114.104191	4.492774	2.033932	19.66
20241031	-8.0	115.25	278.499	3645.298547	6.631661	4.444174	24.1
20241031	-8.0	116.0	406.127	2512.945458	4.653217	2.555151	24.11
20241031	-8.75	115.25	323.596	3109.448201	5.821478	3.322387	17.57
20241031	-8.75	116.0	341.89	3180.730644	7.25629	4.148682	25.4
20241101	-8.0	115.25	281.423	3607.04349	4.922085	2.565479	10.22
20241101	-8.0	116.0	449.889	2218.727953	2.982453	1.313224	10.7
20241101	-8.75	115.25	289.451	3642.685636	5.619504	3.412864	16.43
20241101	-8.75	116.0	350.402	3098.435511	5.318857	2.932489	21.49
20241102	-8.0	115.25	266.799	3386.185855	5.087002	2.46655	4.86
20241102	-8.0	116.0	453.466	2033.73748	3.101201	1.28846	5.45
20241102	-8.75	115.25	318.781	3025.899599	4.866328	2.878126	8.91
20241102	-8.75	116.0	328.945	3055.674961	5.275247	2.851241	13.91
20241103	-8.0	115.25	279.602	3663.092539	5.408023	2.710899	5.75
20241103	-8.0	116.0	439.474	2431.568193	3.401284	1.459012	6.28
20241103	-8.75	115.25	317.193	3574.804614	5.458932	3.225721	6.6
20241103	-8.75	116.0	364.26	3332.561906	5.376616	3.018899	11.17
20241104	-8.0	115.25	246.881	4796.979111	6.360437	4.446887	11.69
20241104	-8.0	116.0	397.954	3041.416847	3.9165	2.308244	12.6
20241104	-8.75	115.25	512.251	2324.303906	2.967528	1.866064	11.71
20241104	-8.75	116.0	470.105	2515.801789	3.326055	2.208481	13.78
20241105	-8.0	115.25	279.562	3847.20384	5.972765	4.197255	15.63
20241105	-8.0	116.0	444.926	2502.87014	3.607861	2.167703	16.41
20241105	-8.75	115.25	583.218	1812.723544	2.52045	1.526434	13.6
20241105	-8.75	116.0	582.14	1823.509809	2.613225	1.698089	14.77
20241106	-8.0	115.25	232.531	4864.620201	7.062331	5.901162	8.54
20241106	-8.0	116.0	389.898	2953.298042	3.984734	2.935929	6.76
20241106	-8.75	115.25	449.19	2467.690732	3.297079	2.516207	7.84
20241106	-8.75	116.0	492.005	2247.02188	3.244847	2.614803	8.12
20241107	-8.0	115.25	252.906	3989.0829	6.300562	4.987948	14.95
20241107	-8.0	116.0	460.114	2219.962879	3.388126	2.279159	13.84
20241107	-8.75	115.25	308.398	3303.620646	5.475071	4.094232	10.84
20241107	-8.75	116.0	398.729	2689.445714	4.88588	3.875239	14.65
20241108	-8.0	115.25	293.949	3507.955462	7.093962	4.185573	21.01
20241108	-8.0	116.0	406.486	2409.706361	4.606592	2.177864	14.03
20241108	-8.75	115.25	289.038	3759.408797	6.881884	4.501377	15.7
20241108	-8.75	116.0	361.876	3280.363992	6.990441	4.304229	23.48
20241109	-8.0	115.25	244.624	3929.300069	6.416361	3.72545	24.75
20241109	-8.0	116.0	358.874	2619.126769	3.878537	1.812363	21.02
20241109	-8.75	115.25	321.848	3195.930998	5.092373	2.84919	34.72
20241109	-8.75	116.0	377.622	2680.410569	4.548501	2.410225	35.39
20241110	-8.0	115.25	316.698	3033.546154	4.309156	3.085851	42.47
20241110	-8.0	116.0	517.682	1854.986845	2.425408	1.406239	41.25
20241110	-8.75	115.25	371.768	2634.110521	3.79821	2.511347	37.63
20241110	-8.75	116.0	383.726	2581.981153	3.744435	2.589978	39.2
20241111	-8.0	115.25	299.055	3329.702897	4.821869	3.619685	41.74
20241111	-8.0	116.0	427.716	2325.016366	3.0704	1.856902	36.47
20241111	-8.75	115.25	425.399	2368.679757	3.339004	2.251062	33.67
20241111	-8.75	116.0	430.823	2341.683243	3.305207	2.206376	36.55
20241112	-8.0	115.25	364.307	2660.953811	3.548307	2.330667	57.87
20241112	-8.0	116.0	524.533	1855.997049	2.416662	1.409373	54.24
20241112	-8.75	115.25	433.973	2433.119111	3.503239	2.873087	57.89
20241112	-8.75	116.0	454.663	2386.382881	3.451433	2.502962	58.07
20241113	-8.0	115.25	290.272	3678.522214	5.801383	4.447825	44.82
20241113	-8.0	116.0	373.618	2947.079637	4.489904	2.982739	49.43
20241113	-8.75	115.25	551.014	1974.28196	3.064784	2.094517	32.72
20241113	-8.75	116.0	529.027	2041.168031	3.304427	2.292121	35.63
20241114	-8.0	115.25	290.824	3614.973317	5.880863	4.475459	35.84
20241114	-8.0	116.0	385.944	2686.703252	4.183081	2.633965	38.17
20241114	-8.75	115.25	548.423	1868.52849	2.972355	1.950932	23.04
20241114	-8.75	116.0	536.338	1929.199497	3.345948	2.26	25.62
20241115	-8.0	115.25	263.124	3750.77796	6.350189	4.573825	41.94
20241115	-8.0	116.0	413.837	2451.479689	4.458756	2.457593	35.04
20241115	-8.75	115.25	290.553	3684.339862	6.37694	4.4901	43.74
20241115	-8.75	116.0	387.704	3099.66624	5.864144	4.243585	52.39
20241116	-8.0	115.25	289.896	3886.90082	6.152182	4.087262	43.64
20241116	-8.0	116.0	414.979	2715.807306	4.523002	2.359001	37.22
20241116	-8.75	115.25	344.966	3483.48243	5.536572	3.897816	52.85
20241116	-8.75	116.0	375.018	3568.791365	6.362201	4.211673	61.44
20241117	-8.0	115.25	340.509	2692.581988	4.111372	1.864778	9.74
20241117	-8.0	116.0	490.433	1855.877357	2.786105	1.064475	8.61
20241117	-8.75	115.25	396.91	2607.467688	4.243234	2.47378	23.88
20241117	-8.75	116.0	359.204	2982.661663	5.255443	2.572449	29.43
20241118	-8.0	115.25	367.385	2328.251562	3.592433	1.716436	5.62
20241118	-8.0	116.0	529.937	1624.454982	2.360566	1.023173	4.23
20241118	-8.75	115.25	338.638	2760.858498	4.795345	2.792062	8.82
20241118	-8.75	116.0	344.841	2740.511134	4.722417	2.748351	9.2
20241119	-8.0	115.25	292.319	3007.883511	5.345537	3.459607	16.9
20241119	-8.0	116.0	451.811	1949.813307	3.345315	1.711509	16.03
20241119	-8.75	115.25	264.014	3543.457165	6.741889	4.297314	23.39
20241119	-8.75	116.0	288.79	3262.306174	6.250002	3.997742	22.55
20241120	-8.0	115.25	300.71	3000.455256	5.708154	5.354973	15.41
20241120	-8.0	116.0	452.965	1998.841632	3.373963	2.478271	18.28
20241120	-8.75	115.25	270.025	3453.30062	6.657795	5.282815	17.04
20241120	-8.75	116.0	351.33	2724.790083	5.140617	4.296132	21.04
20241121	-8.0	115.25	306.64	3176.076833	5.63917	5.515621	24.44
20241121	-8.0	116.0	447.45	2174.952285	3.31918	2.703772	20.36
20241121	-8.75	115.25	248.934	4147.051026	7.412615	6.177991	30.92
20241121	-8.75	116.0	347.223	3116.07814	5.415223	4.750175	33.55
20241122	-8.0	115.25	244.534	4754.242764	7.191716	6.125749	38.51
20241122	-8.0	116.0	454.823	2507.478733	3.564173	2.452695	29.62
20241122	-8.75	115.25	409.677	2908.344867	4.028405	3.287541	48.08
20241122	-8.75	116.0	513.781	2441.123747	3.336877	2.782263	49.67
20241123	-8.0	115.25	281.486	4307.194674	6.064415	4.77141	42.54
20241123	-8.0	116.0	403.918	2879.874133	3.922497	2.518489	28.41
20241123	-8.75	115.25	377.515	3263.518006	4.49673	3.175625	31.96
20241123	-8.75	116.0	485.473	2584.893496	3.702739	2.692508	31.63
20241124	-8.0	115.25	318.963	2600.636124	4.193828	2.524679	19.45
20241124	-8.0	116.0	532.909	1524.275627	2.383364	1.303614	17.76
20241124	-8.75	115.25	310.687	3045.131595	5.275103	3.758728	28.75
20241124	-8.75	116.0	364.692	2588.156307	4.591633	3.059351	28.6
20241125	-8.0	115.25	281.183	2907.268932	4.446599	3.37045	24.03
20241125	-8.0	116.0	457.774	1843.167808	2.60811	1.673897	24.13
20241125	-8.75	115.25	315.608	2866.805024	4.692058	4.045595	35.86
20241125	-8.75	116.0	317.264	3024.223675	4.954224	3.97562	34.86
20241126	-8.0	115.25	270.778	3328.439903	5.594036	5.14441	33.41
20241126	-8.0	116.0	390.114	2352.254726	3.697076	2.739633	33.44
20241126	-8.75	115.25	361.968	2646.439464	4.180452	3.097393	38.71
20241126	-8.75	116.0	341.9	2852.398947	5.165183	4.189807	45.46
20241127	-8.0	115.25	243.913	3748.582896	6.848901	4.797321	38.64
20241127	-8.0	116.0	365.491	2535.712234	4.248381	2.428146	36.32
20241127	-8.75	115.25	382.871	2314.763458	4.048142	2.222326	35.4
20241127	-8.75	116.0	362.082	2512.75816	4.966196	3.026237	35.96
20241128	-8.0	115.25	276.346	3234.27949	5.009571	2.809876	11.53
20241128	-8.0	116.0	366.859	2522.666747	3.536762	1.814367	13.88
20241128	-8.75	115.25	375.388	2287.907711	3.144256	1.367926	8.94
20241128	-8.75	116.0	399.224	2200.088923	3.268984	1.615361	10.46
20241129	-8.0	115.25	285.779	2756.854422	4.563974	2.256822	9.87
20241129	-8.0	116.0	399.899	2076.231749	3.399433	1.460459	13.94
20241129	-8.75	115.25	384.102	2031.470807	3.079247	1.152781	8.63
20241129	-8.75	116.0	414.568	1977.149225	3.246471	1.36823	12.69
20241130	-8.0	115.25	278.9	2854.621728	5.615048	2.979674	8.63
20241130	-8.0	116.0	362.002	2309.741106	4.580511	1.674495	11.82
20241130	-8.75	115.25	346.135	2216.198882	4.442131	1.312256	6.05
20241130	-8.75	116.0	340.567	2336.195227	5.33071	1.524126	8.44
20241201	-8.0	115.25	286.321	2736.992746	4.646142	2.005677	8.9
20241201	-8.0	116.0	412.212	2016.028403	3.719644	1.305374	10.93
20241201	-8.75	115.25	377.676	2031.557473	3.200322	1.205454	9.39
20241201	-8.75	116.0	350.34	2267.187304	4.20618	1.521796	9.71
20241202	-8.0	115.25	268.459	3054.01458	5.067761	3.153102	18.91
20241202	-8.0	116.0	417.443	2042.224927	3.700618	1.886553	22.51
20241202	-8.75	115.25	426.774	1945.008599	2.88765	1.435529	21.83
20241202	-8.75	116.0	397.271	2126.856982	3.747981	1.863174	21.52
20241203	-8.0	115.25	301.282	2674.652983	4.54833	3.211315	18.58
20241203	-8.0	116.0	494.496	1660.634262	2.997511	1.756314	22.12
20241203	-8.75	115.25	531.298	1516.582408	2.495818	1.083807	16.82
20241203	-8.75	116.0	501.639	1642.649196	3.122676	1.384959	18.55
20241204	-8.0	115.25	320.903	2507.130815	4.879082	5.532968	24.33
20241204	-8.0	116.0	434.976	1872.577338	3.800874	2.902333	32.06
20241204	-8.75	115.25	474.447	1640.448564	2.943094	1.859364	22.62
20241204	-8.75	116.0	437.763	1824.656035	3.836649	2.499092	27.2
20241205	-8.0	115.25	235.925	3569.891279	6.874914	5.263889	21.13
20241205	-8.0	116.0	311.696	2699.795634	5.154997	2.663702	19.33
20241205	-8.75	115.25	256.782	3048.607379	6.015067	2.782026	16.84
20241205	-8.75	116.0	307.683	2612.475827	5.972836	2.82277	18.2
20241206	-8.0	115.25	334.802	2680.513856	5.467623	6.074555	19.9
20241206	-8.0	116.0	487.841	1813.462993	3.00996	1.832913	16.34
20241206	-8.75	115.25	318.471	2708.821839	4.257304	2.162928	19.5
20241206	-8.75	116.0	316.005	2765.005301	4.891673	2.59013	21.17
20241207	-8.0	115.25	415.407	2079.714834	4.171138	8.455276	22.32
20241207	-8.0	116.0	493.454	1731.873285	3.029373	4.257866	17.64
20241207	-8.75	115.25	468.603	1703.906292	2.342452	2.146435	11.53
20241207	-8.75	116.0	453.316	1778.477045	2.830275	2.558284	13.74
20241208	-8.0	115.25	479.75	1800.837103	4.086335	7.211908	22.86
20241208	-8.0	116.0	447.63	1920.356098	3.751896	4.956775	18.84
20241208	-8.75	115.25	613.328	1247.899167	1.830567	1.506215	12.63
20241208	-8.75	116.0	594.117	1281.671455	2.10845	1.598294	12.94
20241209	-8.0	115.25	663.484	1256.600008	2.349938	4.837557	19.56
20241209	-8.0	116.0	432.877	1915.455661	2.867829	3.165412	16.18
20241209	-8.75	115.25	793.58	1030.71587	1.262595	0.608609	13.21
20241209	-8.75	116.0	737.879	1109.66256	1.501081	0.679969	14.14
20241210	-8.0	115.25	287.565	2939.784397	6.309207	10.16244	15.11
20241210	-8.0	116.0	386.804	2184.621152	3.57153	4.008537	11.71
20241210	-8.75	115.25	685.294	1152.32776	1.793349	1.101224	8.02
20241210	-8.75	116.0	545.982	1461.725112	2.379848	1.597696	9.65
20241211	-8.0	115.25	263.251	2648.622417	5.855074	7.987202	16.6
20241211	-8.0	116.0	413.443	1740.86827	3.107089	2.531386	15.56
20241211	-8.75	115.25	430.917	1587.831067	2.915534	2.271289	12.25
20241211	-8.75	116.0	383.613	1856.781965	3.839732	2.808148	15.43
20241212	-8.0	115.25	293.779	2585.80872	4.938338	6.092944	13.2
20241212	-8.0	116.0	424.849	1718.141269	2.916234	2.612964	12.22
20241212	-8.75	115.25	458.422	1581.652495	2.658256	1.613923	7.69
20241212	-8.75	116.0	422.81	1713.272392	3.215248	1.965705	9.38
20241213	-8.0	115.25	330.621	2321.04585	3.970912	4.223628	11.23
20241213	-8.0	116.0	427.191	1737.87533	2.620945	1.927966	9.71
20241213	-8.75	115.25	306.548	2398.738207	4.031545	2.97156	9.98
20241213	-8.75	116.0	310.324	2344.676209	4.388156	3.150029	11.89
20241214	-8.0	115.25	329.241	2337.164266	4.301132	2.899037	13.85
20241214	-8.0	116.0	495.994	1502.527853	2.403848	1.438058	12.01
20241214	-8.75	115.25	328.27	2339.821184	4.789896	2.926932	15.97
20241214	-8.75	116.0	428.226	1767.381243	3.968066	2.220063	15.58
20241215	-8.0	115.25	296.815	2670.064855	6.135869	7.431845	17.39
20241215	-8.0	116.0	322.93	2387.980058	4.804146	2.971708	13.33
20241215	-8.75	115.25	301.052	2450.400595	5.275165	2.925465	11.57
20241215	-8.75	116.0	348.773	2172.330427	5.231377	3.119204	15.28
20241216	-8.0	115.25	352.085	2267.951205	5.517926	7.657179	24.83
20241216	-8.0	116.0	418.104	1828.515872	3.880884	2.570824	19.37
20241216	-8.75	115.25	372.096	2030.435694	4.410964	2.76233	20.97
20241216	-8.75	116.0	337.994	2192.746025	5.412759	2.992435	21.85
20241217	-8.0	115.25	366.381	2126.266373	4.836719	6.444554	20.28
20241217	-8.0	116.0	446.657	1715.219956	3.404953	3.170509	15.49
20241217	-8.75	115.25	554.05	1256.560238	2.498569	1.385823	13.03
20241217	-8.75	116.0	506.534	1389.713425	3.208395	1.832441	15.22
20241218	-8.0	115.25	362.447	1872.866378	3.891068	5.60509	12.28
20241218	-8.0	116.0	385.411	1715.897574	3.24874	2.30256	8.68
20241218	-8.75	115.25	698.489	898.768628	1.486323	0.835523	6.27
20241218	-8.75	116.0	607.192	1039.877337	1.901023	1.067071	7.14
20241219	-8.0	115.25	318.478	2196.880475	6.059571	12.196145	29.21
20241219	-8.0	116.0	375.598	1844.184474	4.148848	6.128345	21.91
20241219	-8.75	115.25	757.663	837.394594	1.697917	1.360115	15.48
20241219	-8.75	116.0	654.272	984.141611	2.16452	1.643394	15.74
20241220	-8.0	115.25	318.253	2380.556978	5.674338	14.338749	23.79
20241220	-8.0	116.0	360.881	2084.803301	4.204272	6.930221	19.08
20241220	-8.75	115.25	647.756	1065.279982	1.981292	2.041865	12.17
20241220	-8.75	116.0	571.183	1228.260295	2.673788	2.293743	12.96
20241221	-8.0	115.25	273.981	2650.778339	6.756571	13.140291	19.17
20241221	-8.0	116.0	361.213	1930.130699	3.982606	5.955793	16.42
20241221	-8.75	115.25	435.322	1511.5588	2.688176	2.953389	10.97
20241221	-8.75	116.0	454.76	1446.919254	3.099474	2.628578	11.88
20241222	-8.0	115.25	239.142	3057.307374	5.789594	6.872992	15.58
20241222	-8.0	116.0	471.48	1523.916815	2.597521	2.134398	11.85
20241222	-8.75	115.25	525.28	1360.732181	1.959393	1.348615	9.44
20241222	-8.75	116.0	542.592	1337.578328	2.212919	1.407227	10.39
20241223	-8.0	115.25	261.231	3020.55805	5.229399	5.174351	3.8
20241223	-8.0	116.0	420.859	1873.912403	2.886575	2.094348	4.07
20241223	-8.75	115.25	618.935	1237.856802	1.740454	1.028736	3.94
20241223	-8.75	116.0	504.034	1549.117123	2.504353	1.389232	5.43
20241224	-8.0	115.25	291.6	2920.5631	6.031142	6.920271	14.88
20241224	-8.0	116.0	361.697	2317.942643	3.987644	3.006052	10.55
20241224	-8.75	115.25	566.764	1403.040948	2.262825	1.340827	9.19
20241224	-8.75	116.0	496.139	1634.421805	3.080796	1.795065	9.44
20241225	-8.0	115.25	300.866	2869.278017	6.024463	7.446667	18.85
20241225	-8.0	116.0	346.955	2494.973988	4.241648	2.970936	15.5
20241225	-8.75	115.25	517.434	1568.545747	2.457651	1.381735	10.79
20241225	-8.75	116.0	437.754	1877.932355	3.436974	1.76042	12.22
20241226	-8.0	115.25	397.961	1986.546672	3.983315	3.882732	17.74
20241226	-8.0	116.0	357.377	2181.530429	3.910431	2.521232	14.32
20241226	-8.75	115.25	679.609	1079.829431	1.884776	0.820679	9.76
20241226	-8.75	116.0	576.083	1292.421752	2.571029	1.15377	10.47
20241227	-8.0	115.25	297.103	2547.636342	5.790201	7.354655	9.93
20241227	-8.0	116.0	342.359	2184.709618	4.389019	2.637076	8.92
20241227	-8.75	115.25	722.749	986.417276	1.958694	0.822616	7.18
20241227	-8.75	116.0	574.762	1253.273181	2.835509	1.2515	7.6
20241228	-8.0	115.25	362.894	2175.800923	5.301826	8.320507	18.75
20241228	-8.0	116.0	337.144	2292.141044	4.782713	3.738966	14.22
20241228	-8.75	115.25	576.204	1321.625327	2.613121	0.999195	8.78
20241228	-8.75	116.0	514.594	1478.714482	3.394668	1.320403	10.06
20241229	-8.0	115.25	359.867	2433.069162	5.192307	8.216636	14.14
20241229	-8.0	116.0	419.638	2037.362679	3.702074	3.368754	8.18
20241229	-8.75	115.25	761.778	1107.110996	1.917826	0.850671	6.42
20241229	-8.75	116.0	594.627	1398.233178	2.851172	1.30903	6.55
20241230	-8.0	115.25	271.458	3426.879296	5.073625	8.782906	17.58
20241230	-8.0	116.0	456.268	2020.494315	2.624368	2.972871	16.0
20241230	-8.75	115.25	305.588	3076.200636	4.701925	4.647355	15.08
20241230	-8.75	116.0	350.783	2618.164506	3.917658	3.431931	15.69
20241231	-8.0	115.25	330.8	2780.006348	5.319423	9.500432	19.84
20241231	-8.0	116.0	435.43	2068.541901	3.445764	4.038562	15.1
20241231	-8.75	115.25	271.54	3478.27576	6.974505	7.439195	20.21
20241231	-8.75	116.0	372.771	2488.711032	5.420797	4.18153	18.36
